99 0.29447115384615385 0.13581730769230768 0.14903846153846154 0.0889423076923077
85 0.29447115384615385 0.2247596153846154 0.15264423076923078 0.10216346153846154
72 0.296875 0.3161057692307692 0.15264423076923078 0.09254807692307693
53 0.2956730769230769 0.4675480769230769 0.15144230769230768 0.09014423076923077
35 0.29447115384615385 0.5492788461538461 0.14783653846153846 0.09014423076923077
277 0.2932692307692308 0.6358173076923077 0.14783653846153846 0.09134615384615384
275 0.2956730769230769 0.75 0.15264423076923078 0.09254807692307693
119 0.46153846153846156 0.7487980769230769 0.15625 0.09134615384615384
264 0.6298076923076923 0.7427884615384616 0.15144230769230768 0.09134615384615384
259 0.296875 0.8305288461538461 0.15144230769230768 0.09375
272 0.46274038461538464 0.5504807692307693 0.15144230769230768 0.09014423076923077
289 0.6310096153846154 0.828125 0.14903846153846154 0.09254807692307693
272 0.46274038461538464 0.4639423076923077 0.15264423076923078 0.08653846153846154
272 0.46033653846153844 0.8341346153846154 0.15144230769230768 0.09014423076923077
272 0.46274038461538464 0.3161057692307692 0.15144230769230768 0.09014423076923077
272 0.46274038461538464 0.22716346153846154 0.15144230769230768 0.09014423076923077
272 0.4639423076923077 0.13581730769230768 0.15144230769230768 0.09014423076923077
266 0.46153846153846156 0.6370192307692307 0.15144230769230768 0.09014423076923077