72 0.5733173076923077 0.22355769230769232 0.07572115384615384 0.06850961538461539
279 0.5721153846153846 0.30649038461538464 0.0733173076923077 0.0673076923076923
35 0.5697115384615384 0.38461538461538464 0.07211538461538461 0.06490384615384616
9 0.5697115384615384 0.45913461538461536 0.07211538461538461 0.06490384615384616
115 0.5673076923076923 0.5336538461538461 0.07091346153846154 0.06129807692307692
119 0.5661057692307693 0.6057692307692307 0.07091346153846154 0.06129807692307692
275 0.4831730769230769 0.7199519230769231 0.07091346153846154 0.06129807692307692
264 0.6418269230769231 0.7115384615384616 0.0673076923076923 0.06129807692307692
259 0.4855769230769231 0.8245192307692307 0.06971153846153846 0.057692307692307696
289 0.6394230769230769 0.8161057692307693 0.06490384615384616 0.057692307692307696
270 0.6502403846153846 0.30528846153846156 0.06370192307692307 0.0625
270 0.6490384615384616 0.38341346153846156 0.06129807692307692 0.06129807692307692
270 0.6454326923076923 0.4579326923076923 0.05889423076923077 0.057692307692307696
270 0.6418269230769231 0.5324519230769231 0.05889423076923077 0.057692307692307696
270 0.640625 0.6045673076923077 0.06009615384615385 0.05889423076923077
270 0.7127403846153846 0.7091346153846154 0.054086538461538464 0.054086538461538464
270 0.5588942307692307 0.7163461538461539 0.054086538461538464 0.054086538461538464
270 0.5576923076923077 0.8209134615384616 0.054086538461538464 0.054086538461538464
270 0.6538461538461539 0.2247596153846154 0.06370192307692307 0.0625