35 0.2848557692307692 0.2439903846153846 0.13942307692307693 0.11177884615384616
152 0.3173076923076923 0.39663461538461536 0.125 0.09495192307692307
179 0.34134615384615385 0.5192307692307693 0.11778846153846154 0.08173076923076923
213 0.36658653846153844 0.6274038461538461 0.10216346153846154 0.07451923076923077
217 0.38221153846153844 0.7163461538461539 0.09735576923076923 0.06490384615384616
264 0.4014423076923077 0.7932692307692307 0.08413461538461539 0.06129807692307692
263 0.515625 0.8112980769230769 0.08533653846153846 0.0625
9 0.6213942307692307 0.3245192307692308 0.09975961538461539 0.08533653846153846
178 0.6189903846153846 0.44350961538461536 0.08774038461538461 0.078125
210 0.6201923076923077 0.5480769230769231 0.09495192307692307 0.07091346153846154
215 0.6201923076923077 0.6358173076923077 0.08533653846153846 0.06610576923076923
275 0.6189903846153846 0.7151442307692307 0.0829326923076923 0.06610576923076923