273 0.48197115384615385 0.38100961538461536 0.10096153846153846 0.037259615384615384
24 0.453125 0.4483173076923077 0.039663461538461536 0.028846153846153848
38 0.5108173076923077 0.4483173076923077 0.039663461538461536 0.027644230769230768
23 0.453125 0.49158653846153844 0.039663461538461536 0.027644230769230768
37 0.5096153846153846 0.49158653846153844 0.040865384615384616 0.027644230769230768
22 0.453125 0.5348557692307693 0.039663461538461536 0.027644230769230768
36 0.5096153846153846 0.5348557692307693 0.040865384615384616 0.027644230769230768
20 0.4519230769230769 0.5769230769230769 0.039663461538461536 0.027644230769230768
28 0.5096153846153846 0.5769230769230769 0.039663461538461536 0.027644230769230768
16 0.4519230769230769 0.6201923076923077 0.040865384615384616 0.030048076923076924
26 0.5096153846153846 0.6201923076923077 0.039663461538461536 0.027644230769230768
152 0.45072115384615385 0.6622596153846154 0.038461538461538464 0.025240384615384616
25 0.5072115384615384 0.6622596153846154 0.039663461538461536 0.025240384615384616
265 0.47836538461538464 0.8425480769230769 0.06610576923076923 0.046875