110 0.36658653846153844 0.125 0.1045673076923077 0.17548076923076922
111 0.5216346153846154 0.10216346153846154 0.09735576923076923 0.17548076923076922
85 0.38100961538461536 0.31490384615384615 0.09254807692307693 0.14543269230769232
99 0.5252403846153846 0.2980769230769231 0.08653846153846154 0.14543269230769232
53 0.3942307692307692 0.4807692307692308 0.08774038461538461 0.14182692307692307
72 0.5300480769230769 0.46033653846153844 0.0829326923076923 0.13341346153846154
9 0.4074519230769231 0.625 0.08173076923076923 0.125
35 0.5360576923076923 0.6201923076923077 0.08052884615384616 0.12740384615384615
121 0.41346153846153844 0.7632211538461539 0.07932692307692307 0.1141826923076923
120 0.5420673076923077 0.7524038461538461 0.07572115384615384 0.11298076923076923
275 0.5444711538461539 0.875 0.07091346153846154 0.10817307692307693