272 0.5769230769230769 0.03125 0.12139423076923077 0.0625
11 0.17067307692307693 0.21514423076923078 0.109375 0.08173076923076923
16 0.3713942307692308 0.2127403846153846 0.1045673076923077 0.08173076923076923
20 0.5817307692307693 0.20793269230769232 0.10817307692307693 0.0829326923076923
111 0.19471153846153846 0.35096153846153844 0.0985576923076923 0.07211538461538461
113 0.3870192307692308 0.35096153846153844 0.1045673076923077 0.07451923076923077
10 0.5817307692307693 0.35096153846153844 0.1045673076923077 0.07932692307692307
85 0.21634615384615385 0.47475961538461536 0.09735576923076923 0.06610576923076923
99 0.39903846153846156 0.47475961538461536 0.09495192307692307 0.06850961538461539
110 0.5841346153846154 0.47596153846153844 0.0985576923076923 0.07211538461538461
35 0.234375 0.5865384615384616 0.09615384615384616 0.06009615384615385
53 0.40625 0.5889423076923077 0.08413461538461539 0.06009615384615385
72 0.5841346153846154 0.5901442307692307 0.09014423076923077 0.06370192307692307
187 0.4182692307692308 0.6887019230769231 0.08653846153846154 0.056490384615384616
241 0.2668269230769231 0.7776442307692307 0.08173076923076923 0.051682692307692304
119 0.4266826923076923 0.78125 0.07692307692307693 0.05048076923076923
119 0.5889423076923077 0.7884615384615384 0.0829326923076923 0.051682692307692304
275 0.28125 0.8617788461538461 0.07932692307692307 0.046875
264 0.5901442307692307 0.875 0.08052884615384616 0.04927884615384615
275 0.29447115384615385 0.9411057692307693 0.078125 0.04807692307692308
259 0.4411057692307692 0.9459134615384616 0.07211538461538461 0.04326923076923077
264 0.5925480769230769 0.9555288461538461 0.0733173076923077 0.04326923076923077
266 0.140625 0.038461538461538464 0.109375 0.07572115384615384