46 0.6274038461538461 0.18629807692307693 0.06610576923076923 0.038461538461538464
44 0.49399038461538464 0.18389423076923078 0.06610576923076923 0.039663461538461536
43 0.3605769230769231 0.18269230769230768 0.06610576923076923 0.038461538461538464
42 0.625 0.25721153846153844 0.06850961538461539 0.038461538461538464
41 0.49399038461538464 0.25721153846153844 0.06610576923076923 0.042067307692307696
39 0.3641826923076923 0.25721153846153844 0.07211538461538461 0.042067307692307696
38 0.6237980769230769 0.3317307692307692 0.06610576923076923 0.040865384615384616
37 0.4951923076923077 0.33052884615384615 0.06129807692307692 0.039663461538461536
36 0.36177884615384615 0.33052884615384615 0.06850961538461539 0.037259615384615384
28 0.625 0.4026442307692308 0.06129807692307692 0.037259615384615384
26 0.49399038461538464 0.4026442307692308 0.06490384615384616 0.03485576923076923
25 0.36538461538461536 0.4026442307692308 0.06610576923076923 0.039663461538461536
24 0.6225961538461539 0.47475961538461536 0.06490384615384616 0.038461538461538464
23 0.49399038461538464 0.47475961538461536 0.06610576923076923 0.038461538461538464
22 0.3629807692307692 0.47475961538461536 0.0625 0.040865384615384616
20 0.6237980769230769 0.5444711538461539 0.06610576923076923 0.036057692307692304
16 0.49399038461538464 0.5444711538461539 0.06490384615384616 0.042067307692307696
11 0.3629807692307692 0.5456730769230769 0.0625 0.036057692307692304
10 0.6237980769230769 0.6165865384615384 0.06610576923076923 0.037259615384615384
113 0.49399038461538464 0.6153846153846154 0.06490384615384616 0.039663461538461536
111 0.3629807692307692 0.6177884615384616 0.06610576923076923 0.038461538461538464
110 0.625 0.6875 0.06850961538461539 0.04326923076923077
99 0.49399038461538464 0.6899038461538461 0.06490384615384616 0.04326923076923077
85 0.3641826923076923 0.6911057692307693 0.06490384615384616 0.040865384615384616
72 0.6262019230769231 0.7596153846153846 0.0625 0.040865384615384616
53 0.49399038461538464 0.7596153846153846 0.07091346153846154 0.040865384615384616
35 0.3629807692307692 0.7620192307692307 0.0625 0.038461538461538464
9 0.36177884615384615 0.8353365384615384 0.07211538461538461 0.04447115384615385
275 0.49399038461538464 0.8329326923076923 0.07451923076923077 0.04567307692307692
264 0.6262019230769231 0.8317307692307693 0.078125 0.046875
259 0.49399038461538464 0.9074519230769231 0.07572115384615384 0.04447115384615385