266 0.5697115384615384 0.15144230769230768 0.052884615384615384 0.1045673076923077
266 0.6935096153846154 0.14543269230769232 0.04807692307692308 0.09375
259 0.43509615384615385 0.15264423076923078 0.06009615384615385 0.11057692307692307
275 0.4483173076923077 0.8870192307692307 0.054086538461538464 0.09375
264 0.6826923076923077 0.8112980769230769 0.04326923076923077 0.07932692307692307
122 0.44591346153846156 0.7752403846153846 0.05048076923076923 0.09495192307692307
120 0.5108173076923077 0.7572115384615384 0.04927884615384615 0.09014423076923077
9 0.5721153846153846 0.7379807692307693 0.04567307692307692 0.0829326923076923
111 0.6286057692307693 0.7223557692307693 0.04567307692307692 0.0829326923076923
113 0.6826923076923077 0.7067307692307693 0.04567307692307692 0.0829326923076923
10 0.44591346153846156 0.6574519230769231 0.052884615384615384 0.09735576923076923
11 0.5084134615384616 0.6442307692307693 0.052884615384615384 0.09735576923076923
16 0.5697115384615384 0.6286057692307693 0.05048076923076923 0.09375
20 0.6286057692307693 0.6153846153846154 0.046875 0.0889423076923077
22 0.6850961538461539 0.6009615384615384 0.04447115384615385 0.08533653846153846
23 0.4423076923076923 0.5384615384615384 0.055288461538461536 0.09735576923076923
24 0.5072115384615384 0.5300480769230769 0.05048076923076923 0.09495192307692307
25 0.5709134615384616 0.5168269230769231 0.046875 0.09375
26 0.6286057692307693 0.5060096153846154 0.046875 0.09254807692307693
28 0.6862980769230769 0.49399038461538464 0.04447115384615385 0.0889423076923077
36 0.43990384615384615 0.4182692307692308 0.056490384615384616 0.10096153846153846
37 0.5060096153846154 0.40865384615384615 0.051682692307692304 0.0985576923076923
38 0.5709134615384616 0.4014423076923077 0.051682692307692304 0.0985576923076923
39 0.6298076923076923 0.39302884615384615 0.04807692307692308 0.09495192307692307
41 0.6887019230769231 0.38221153846153844 0.046875 0.09014423076923077
42 0.4387019230769231 0.28725961538461536 0.056490384615384616 0.109375
288 0.5036057692307693 0.15144230769230768 0.06009615384615385 0.11658653846153846
288 0.6334134615384616 0.14903846153846154 0.051682692307692304 0.109375