275 0.34615384615384615 0.7992788461538461 0.052884615384615384 0.06129807692307692
264 0.5228365384615384 0.7524038461538461 0.04447115384615385 0.051682692307692304
281 0.34615384615384615 0.7211538461538461 0.055288461538461536 0.06370192307692307
9 0.4423076923076923 0.7007211538461539 0.046875 0.057692307692307696
35 0.5240384615384616 0.6814903846153846 0.042067307692307696 0.051682692307692304
53 0.34615384615384615 0.640625 0.055288461538461536 0.057692307692307696
72 0.43990384615384615 0.625 0.04567307692307692 0.052884615384615384
85 0.5228365384615384 0.609375 0.04447115384615385 0.05048076923076923
99 0.3449519230769231 0.5600961538461539 0.052884615384615384 0.05889423076923077
110 0.43990384615384615 0.5504807692307693 0.046875 0.052884615384615384
111 0.5240384615384616 0.5384615384615384 0.04326923076923077 0.04807692307692308
113 0.3449519230769231 0.47716346153846156 0.055288461538461536 0.054086538461538464
10 0.4411057692307692 0.4723557692307692 0.04927884615384615 0.051682692307692304
11 0.5252403846153846 0.46875 0.04567307692307692 0.04807692307692308
16 0.3449519230769231 0.39302884615384615 0.052884615384615384 0.055288461538461536
20 0.4411057692307692 0.39302884615384615 0.046875 0.051682692307692304
22 0.5264423076923077 0.39302884615384615 0.04567307692307692 0.046875
23 0.3425480769230769 0.30649038461538464 0.055288461538461536 0.055288461538461536
259 0.5324519230769231 0.3161057692307692 0.04927884615384615 0.05048076923076923