166 0.4254807692307692 0.8822115384615384 0.09254807692307693 0.12740384615384615
9 0.5072115384615384 0.8221153846153846 0.08774038461538461 0.12740384615384615
35 0.5817307692307693 0.765625 0.07692307692307693 0.11899038461538461
53 0.6478365384615384 0.7139423076923077 0.07451923076923077 0.1141826923076923
72 0.6586538461538461 0.44711538461538464 0.07451923076923077 0.11057692307692307
85 0.5901442307692307 0.4879807692307692 0.078125 0.11658653846153846
365 0.5144230769230769 0.5324519230769231 0.08774038461538461 0.11899038461538461
85 0.41586538461538464 0.4326923076923077 0.06610576923076923 0.11899038461538461
35 0.41466346153846156 0.5216346153846154 0.06850961538461539 0.10576923076923077
167 0.41346153846153844 0.5973557692307693 0.0673076923076923 0.10817307692307693
272 0.6586538461538461 0.32091346153846156 0.04807692307692308 0.07932692307692307
272 0.41586538461538464 0.7475961538461539 0.057692307692307696 0.09975961538461539
272 0.6442307692307693 0.59375 0.04807692307692308 0.08774038461538461