273 0.5528846153846154 0.18509615384615385 0.21514423076923078 0.28966346153846156
263 0.5901442307692307 0.49399038461538464 0.038461538461538464 0.025240384615384616
275 0.4951923076923077 0.78125 0.04326923076923077 0.02403846153846154
264 0.5865384615384616 0.7776442307692307 0.04326923076923077 0.02403846153846154
177 0.49399038461538464 0.7175480769230769 0.04447115384615385 0.025240384615384616
168 0.4963942307692308 0.6862980769230769 0.04447115384615385 0.025240384615384616
35 0.49399038461538464 0.6538461538461539 0.04447115384615385 0.025240384615384616
53 0.4963942307692308 0.6225961538461539 0.04447115384615385 0.025240384615384616
72 0.4963942307692308 0.5901442307692307 0.04447115384615385 0.025240384615384616
85 0.4951923076923077 0.5588942307692307 0.04567307692307692 0.025240384615384616
99 0.5889423076923077 0.6838942307692307 0.04447115384615385 0.025240384615384616
110 0.5889423076923077 0.6502403846153846 0.04447115384615385 0.025240384615384616
111 0.5889423076923077 0.6189903846153846 0.04447115384615385 0.025240384615384616
113 0.5889423076923077 0.5877403846153846 0.04447115384615385 0.025240384615384616
10 0.5877403846153846 0.5564903846153846 0.04447115384615385 0.025240384615384616