93 0.7560096153846154 0.36778846153846156 0.07451923076923077 0.08533653846153846
91 0.11177884615384616 0.43509615384615385 0.09375 0.09134615384615384
90 0.8894230769230769 0.4579326923076923 0.07451923076923077 0.07451923076923077
89 0.7463942307692307 0.47596153846153844 0.07692307692307693 0.078125
88 0.6021634615384616 0.4951923076923077 0.07932692307692307 0.078125
87 0.4495192307692308 0.5120192307692307 0.0829326923076923 0.07692307692307693
86 0.2980769230769231 0.5336538461538461 0.0829326923076923 0.08052884615384616
82 0.13822115384615385 0.5492788461538461 0.09014423076923077 0.08052884615384616
81 0.8725961538461539 0.5564903846153846 0.07091346153846154 0.07091346153846154
80 0.7379807692307693 0.578125 0.07692307692307693 0.07451923076923077
79 0.5997596153846154 0.59375 0.07451923076923077 0.06610576923076923
78 0.45913461538461536 0.6129807692307693 0.0733173076923077 0.07091346153846154
77 0.31490384615384615 0.6322115384615384 0.07932692307692307 0.07211538461538461
76 0.1622596153846154 0.6514423076923077 0.08774038461538461 0.07211538461538461
75 0.8617788461538461 0.6478365384615384 0.0733173076923077 0.06610576923076923
74 0.7331730769230769 0.6670673076923077 0.07091346153846154 0.0625
73 0.5997596153846154 0.6862980769230769 0.07091346153846154 0.06370192307692307
64 0.46634615384615385 0.703125 0.07451923076923077 0.06370192307692307
63 0.3245192307692308 0.7247596153846154 0.07692307692307693 0.06610576923076923
62 0.18389423076923078 0.7427884615384616 0.08774038461538461 0.06850961538461539
61 0.8509615384615384 0.7319711538461539 0.06490384615384616 0.06009615384615385
60 0.7247596153846154 0.75 0.06610576923076923 0.056490384615384616
59 0.4699519230769231 0.7872596153846154 0.06850961538461539 0.056490384615384616
9 0.19951923076923078 0.8269230769230769 0.07932692307692307 0.06850961538461539
264 0.22355769230769232 0.9338942307692307 0.0733173076923077 0.057692307692307696
259 0.8401442307692307 0.8305288461538461 0.06610576923076923 0.057692307692307696