275 0.5600961538461539 0.7680288461538461 0.02283653846153846 0.04326923076923077
264 0.6117788461538461 0.765625 0.02283653846153846 0.04447115384615385
119 0.5576923076923077 0.6598557692307693 0.02403846153846154 0.04807692307692308
177 0.5576923076923077 0.6069711538461539 0.02283653846153846 0.04567307692307692
9 0.5564903846153846 0.5528846153846154 0.02403846153846154 0.04567307692307692
35 0.5540865384615384 0.5012019230769231 0.02403846153846154 0.04326923076923077
53 0.5540865384615384 0.4483173076923077 0.02403846153846154 0.04326923076923077
72 0.5528846153846154 0.3942307692307692 0.02283653846153846 0.042067307692307696
85 0.5516826923076923 0.3425480769230769 0.02283653846153846 0.04447115384615385
99 0.5516826923076923 0.29086538461538464 0.025240384615384616 0.04447115384615385
110 0.6081730769230769 0.6586538461538461 0.025240384615384616 0.04567307692307692
111 0.6069711538461539 0.6045673076923077 0.02283653846153846 0.042067307692307696
113 0.6057692307692307 0.5504807692307693 0.02283653846153846 0.04326923076923077
10 0.6057692307692307 0.49759615384615385 0.02403846153846154 0.04447115384615385
11 0.6045673076923077 0.44471153846153844 0.02403846153846154 0.04326923076923077
16 0.6033653846153846 0.39302884615384615 0.025240384615384616 0.042067307692307696
20 0.6021634615384616 0.3389423076923077 0.02283653846153846 0.037259615384615384
22 0.6021634615384616 0.2860576923076923 0.025240384615384616 0.042067307692307696
263 0.5997596153846154 0.18028846153846154 0.02283653846153846 0.040865384615384616