113 0.5408653846153846 0.32091346153846156 0.042067307692307696 0.03365384615384615
10 0.4362980769230769 0.3233173076923077 0.039663461538461536 0.030048076923076924
111 0.4362980769230769 0.3798076923076923 0.042067307692307696 0.03365384615384615
110 0.5408653846153846 0.3786057692307692 0.042067307692307696 0.03365384615384615
99 0.43509615384615385 0.43509615384615385 0.042067307692307696 0.03245192307692308
85 0.5408653846153846 0.43509615384615385 0.039663461538461536 0.03125
72 0.4362980769230769 0.4891826923076923 0.04326923076923077 0.03485576923076923
35 0.4326923076923077 0.5444711538461539 0.04567307692307692 0.03365384615384615
270 0.43990384615384615 0.2127403846153846 0.039663461538461536 0.030048076923076924
266 0.4375 0.2668269230769231 0.046875 0.036057692307692304
266 0.5444711538461539 0.20552884615384615 0.04447115384615385 0.036057692307692304
152 0.5384615384615384 0.49158653846153844 0.04447115384615385 0.03485576923076923
266 0.5384615384615384 0.5492788461538461 0.04447115384615385 0.03485576923076923
266 0.4362980769230769 0.5997596153846154 0.04807692307692308 0.037259615384615384
270 0.5396634615384616 0.26322115384615385 0.055288461538461536 0.037259615384615384
290 0.43149038461538464 0.7427884615384616 0.055288461538461536 0.04567307692307692
290 0.5300480769230769 0.7548076923076923 0.055288461538461536 0.04567307692307692