291 0.5204326923076923 0.25 0.038461538461538464 0.05048076923076923
72 0.48197115384615385 0.3112980769230769 0.039663461538461536 0.04927884615384615
9 0.5216346153846154 0.3112980769230769 0.036057692307692304 0.04807692307692308
53 0.4831730769230769 0.3737980769230769 0.039663461538461536 0.046875
53 0.5204326923076923 0.37259615384615385 0.036057692307692304 0.046875
35 0.4831730769230769 0.4326923076923077 0.038461538461538464 0.046875
35 0.5228365384615384 0.4338942307692308 0.037259615384615384 0.04807692307692308
277 0.4831730769230769 0.4951923076923077 0.039663461538461536 0.051682692307692304
9 0.5228365384615384 0.4951923076923077 0.036057692307692304 0.04927884615384615
275 0.484375 0.5552884615384616 0.039663461538461536 0.04927884615384615
266 0.5240384615384616 0.5564903846153846 0.037259615384615384 0.05048076923076923
272 0.4831730769230769 0.6310096153846154 0.03245192307692308 0.05048076923076923
272 0.5612980769230769 0.6322115384615384 0.03365384615384615 0.051682692307692304
272 0.484375 0.7067307692307693 0.03485576923076923 0.051682692307692304
272 0.5612980769230769 0.7043269230769231 0.03245192307692308 0.051682692307692304
259 0.44711538461538464 0.7836538461538461 0.039663461538461536 0.04807692307692308
289 0.5240384615384616 0.7836538461538461 0.039663461538461536 0.051682692307692304
319 0.484375 0.7836538461538461 0.03485576923076923 0.04807692307692308
363 0.5625 0.7824519230769231 0.03365384615384615 0.05048076923076923