263 0.5961538461538461 0.07932692307692307 0.04447115384615385 0.06490384615384616
111 0.6189903846153846 0.6514423076923077 0.042067307692307696 0.06009615384615385
272 0.5973557692307693 0.8269230769230769 0.018028846153846152 0.030048076923076924
113 0.6177884615384616 0.5913461538461539 0.042067307692307696 0.06009615384615385
10 0.6177884615384616 0.5336538461538461 0.042067307692307696 0.05889423076923077
11 0.6177884615384616 0.47596153846153844 0.042067307692307696 0.05889423076923077
16 0.6189903846153846 0.4182692307692308 0.042067307692307696 0.06370192307692307
20 0.6189903846153846 0.36177884615384615 0.042067307692307696 0.06370192307692307
22 0.6189903846153846 0.3004807692307692 0.042067307692307696 0.06370192307692307
110 0.5745192307692307 0.359375 0.042067307692307696 0.0625
99 0.5757211538461539 0.41947115384615385 0.042067307692307696 0.0625
85 0.5757211538461539 0.47596153846153844 0.042067307692307696 0.0625
72 0.5757211538461539 0.5360576923076923 0.042067307692307696 0.0625
53 0.5757211538461539 0.5925480769230769 0.042067307692307696 0.06490384615384616
35 0.5757211538461539 0.6502403846153846 0.042067307692307696 0.06490384615384616
9 0.5745192307692307 0.7079326923076923 0.042067307692307696 0.06490384615384616