47 0.30408653846153844 0.28365384615384615 0.06490384615384616 0.11658653846153846
54 0.36778846153846156 0.2920673076923077 0.06490384615384616 0.13341346153846154
55 0.43028846153846156 0.30649038461538464 0.06009615384615385 0.125
56 0.4963942307692308 0.31850961538461536 0.0733173076923077 0.12139423076923077
42 0.3016826923076923 0.3918269230769231 0.06370192307692307 0.10697115384615384
43 0.36538461538461536 0.40384615384615385 0.05889423076923077 0.10096153846153846
44 0.4266826923076923 0.41586538461538464 0.06009615384615385 0.10697115384615384
46 0.4891826923076923 0.4230769230769231 0.0625 0.1045673076923077
37 0.2980769230769231 0.484375 0.056490384615384616 0.09495192307692307
38 0.3629807692307692 0.4987980769230769 0.056490384615384616 0.09254807692307693
39 0.41947115384615385 0.5048076923076923 0.055288461538461536 0.08413461538461539
41 0.48197115384615385 0.515625 0.06129807692307692 0.09975961538461539
25 0.3004807692307692 0.5709134615384616 0.052884615384615384 0.0889423076923077
26 0.35697115384615385 0.5841346153846154 0.051682692307692304 0.10697115384615384
28 0.4170673076923077 0.5901442307692307 0.052884615384615384 0.10336538461538461
36 0.4723557692307692 0.6021634615384616 0.057692307692307696 0.10096153846153846
276 0.38461538461538464 0.6622596153846154 0.05048076923076923 0.08052884615384616