25 0.1346153846153846 0.2283653846153846 0.2668269230769231 0.23557692307692307
26 0.38100961538461536 0.22596153846153846 0.265625 0.2439903846153846
168 0.22956730769230768 0.8629807692307693 0.18028846153846154 0.14423076923076922
35 0.4170673076923077 0.8629807692307693 0.19591346153846154 0.14182692307692307
53 0.609375 0.8629807692307693 0.2091346153846154 0.14182692307692307
72 0.796875 0.8629807692307693 0.19831730769230768 0.13701923076923078
85 0.2127403846153846 0.7391826923076923 0.2091346153846154 0.15865384615384615
99 0.4074519230769231 0.7367788461538461 0.21514423076923078 0.15264423076923078
110 0.6141826923076923 0.734375 0.21875 0.15264423076923078
111 0.8076923076923077 0.7307692307692307 0.21634615384615385 0.14543269230769232
113 0.19110576923076922 0.59375 0.23197115384615385 0.17548076923076922
10 0.40024038461538464 0.5901442307692307 0.22596153846153846 0.17067307692307693
11 0.6153846153846154 0.5877403846153846 0.21634615384615385 0.17067307692307693
16 0.8257211538461539 0.5865384615384616 0.22956730769230768 0.16826923076923078
20 0.15865384615384615 0.4338942307692308 0.25240384615384615 0.18990384615384615
22 0.390625 0.42788461538461536 0.26322115384615385 0.20192307692307693
23 0.6189903846153846 0.4254807692307692 0.23918269230769232 0.20192307692307693
24 0.8581730769230769 0.4254807692307692 0.234375 0.20192307692307693
28 0.6286057692307693 0.21995192307692307 0.2548076923076923 0.23557692307692307
36 0.8713942307692307 0.21153846153846154 0.24879807692307693 0.23918269230769232