273 0.2620192307692308 0.5048076923076923 0.14302884615384615 0.3425480769230769
309 0.49759615384615385 0.6213942307692307 0.07572115384615384 0.12379807692307693
259 0.4411057692307692 0.7776442307692307 0.0733173076923077 0.11298076923076923
263 0.5576923076923077 0.7752403846153846 0.0733173076923077 0.1201923076923077
85 0.6947115384615384 0.2548076923076923 0.08413461538461539 0.1502403846153846
99 0.8329326923076923 0.24639423076923078 0.08653846153846154 0.15264423076923078
53 0.6887019230769231 0.44471153846153844 0.08052884615384616 0.13701923076923078
72 0.8197115384615384 0.4362980769230769 0.08052884615384616 0.140625
9 0.6826923076923077 0.6141826923076923 0.07451923076923077 0.1310096153846154
35 0.8064903846153846 0.6117788461538461 0.08173076923076923 0.12860576923076922
275 0.6754807692307693 0.7728365384615384 0.07211538461538461 0.11899038461538461
264 0.7944711538461539 0.7704326923076923 0.07692307692307693 0.11778846153846154
131 0.2764423076923077 0.7908653846153846 0.0985576923076923 0.15865384615384615