41 0.43028846153846156 0.08413461538461539 0.06850961538461539 0.08413461538461539
39 0.5132211538461539 0.1935096153846154 0.06610576923076923 0.0829326923076923
38 0.4326923076923077 0.1971153846153846 0.06850961538461539 0.08413461538461539
37 0.515625 0.29927884615384615 0.06490384615384616 0.08173076923076923
36 0.43509615384615385 0.30649038461538464 0.06610576923076923 0.08173076923076923
28 0.515625 0.40384615384615385 0.06129807692307692 0.07451923076923077
26 0.4375 0.41346153846153844 0.06370192307692307 0.07211538461538461
25 0.5168269230769231 0.5048076923076923 0.06009615384615385 0.0733173076923077
24 0.43990384615384615 0.5168269230769231 0.06490384615384616 0.078125
23 0.5192307692307693 0.5973557692307693 0.06129807692307692 0.078125
110 0.4423076923076923 0.6129807692307693 0.06610576923076923 0.0829326923076923
35 0.5192307692307693 0.6947115384615384 0.0625 0.07572115384615384
152 0.44471153846153844 0.7115384615384616 0.06490384615384616 0.07932692307692307
264 0.5216346153846154 0.8317307692307693 0.06129807692307692 0.07692307692307693
275 0.44711538461538464 0.8521634615384616 0.06370192307692307 0.08413461538461539