99 0.18990384615384615 0.2620192307692308 0.125 0.0985576923076923
85 0.75 0.3737980769230769 0.12259615384615384 0.09014423076923077
72 0.20793269230769232 0.38822115384615385 0.12139423076923077 0.09134615384615384
53 0.7475961538461539 0.49038461538461536 0.11778846153846154 0.08774038461538461
35 0.22235576923076922 0.4987980769230769 0.11778846153846154 0.08774038461538461
9 0.7463942307692307 0.5997596153846154 0.11658653846153846 0.08533653846153846
119 0.23557692307692307 0.6069711538461539 0.109375 0.08173076923076923
291 0.7439903846153846 0.78125 0.09014423076923077 0.06971153846153846
291 0.24519230769230768 0.7920673076923077 0.09254807692307693 0.07572115384615384
272 0.49759615384615385 0.7764423076923077 0.08653846153846154 0.06370192307692307
272 0.5180288461538461 0.9278846153846154 0.078125 0.0673076923076923
249 0.2668269230769231 0.9447115384615384 0.08413461538461539 0.0625
134 0.7403846153846154 0.9375 0.08774038461538461 0.07211538461538461
272 0.7692307692307693 0.25841346153846156 0.06610576923076923 0.055288461538461536
266 0.45913461538461536 0.25240384615384615 0.10817307692307693 0.08173076923076923