103 0.5961538461538461 0.06610576923076923 0.052884615384615384 0.08774038461538461
102 0.49759615384615385 0.07692307692307693 0.056490384615384616 0.09134615384615384
101 0.40024038461538464 0.09134615384615384 0.055288461538461536 0.09134615384615384
100 0.6057692307692307 0.21514423076923078 0.055288461538461536 0.09735576923076923
95 0.5012019230769231 0.22956730769230768 0.06129807692307692 0.09134615384615384
94 0.40024038461538464 0.2403846153846154 0.05889423076923077 0.09375
93 0.6141826923076923 0.3762019230769231 0.057692307692307696 0.09735576923076923
92 0.5072115384615384 0.3894230769230769 0.0625 0.09975961538461539
91 0.40384615384615385 0.40024038461538464 0.0625 0.1045673076923077
89 0.6225961538461539 0.5432692307692307 0.0625 0.1045673076923077
88 0.5132211538461539 0.5588942307692307 0.052884615384615384 0.09735576923076923
87 0.4050480769230769 0.5709134615384616 0.0625 0.10817307692307693
168 0.4098557692307692 0.7487980769230769 0.06370192307692307 0.1141826923076923
260 0.6298076923076923 0.7211538461538461 0.06129807692307692 0.10817307692307693