273 0.4338942307692308 0.38100961538461536 0.11177884615384616 0.06610576923076923
366 0.3942307692307692 0.46875 0.04807692307692308 0.037259615384615384
265 0.4795673076923077 0.4675480769230769 0.046875 0.037259615384615384
259 0.47836538461538464 0.5348557692307693 0.03485576923076923 0.025240384615384616
291 0.39663461538461536 0.5372596153846154 0.03245192307692308 0.025240384615384616
53 0.39663461538461536 0.5853365384615384 0.03365384615384615 0.026442307692307692
35 0.47836538461538464 0.625 0.03125 0.025240384615384616
9 0.39663461538461536 0.6310096153846154 0.03245192307692308 0.026442307692307692
152 0.47836538461538464 0.6694711538461539 0.030048076923076924 0.027644230769230768
120 0.39663461538461536 0.6778846153846154 0.03245192307692308 0.027644230769230768
264 0.39783653846153844 0.7379807692307693 0.03365384615384615 0.027644230769230768
275 0.47836538461538464 0.7283653846153846 0.030048076923076924 0.026442307692307692