73 0.6911057692307693 0.1658653846153846 0.06850961538461539 0.10576923076923077
64 0.578125 0.171875 0.09014423076923077 0.12740384615384615
63 0.43028846153846156 0.17908653846153846 0.1141826923076923 0.1502403846153846
62 0.234375 0.1814903846153846 0.15144230769230768 0.17548076923076922
61 0.6935096153846154 0.33052884615384615 0.07091346153846154 0.1141826923076923
60 0.578125 0.34975961538461536 0.08533653846153846 0.12139423076923077
59 0.43509615384615385 0.38341346153846156 0.11298076923076923 0.15384615384615385
57 0.23918269230769232 0.41586538461538464 0.14783653846153846 0.16826923076923078
56 0.6911057692307693 0.48677884615384615 0.06490384615384616 0.1141826923076923
55 0.5805288461538461 0.5264423076923077 0.0829326923076923 0.1310096153846154
54 0.4375 0.5769230769230769 0.10576923076923077 0.14543269230769232
47 0.24759615384615385 0.6430288461538461 0.13701923076923078 0.17668269230769232
46 0.6899038461538461 0.6346153846153846 0.06370192307692307 0.11899038461538461
44 0.5793269230769231 0.6887019230769231 0.07572115384615384 0.1310096153846154
43 0.4423076923076923 0.7620192307692307 0.10216346153846154 0.14783653846153846
42 0.25721153846153844 0.8629807692307693 0.1310096153846154 0.17548076923076922
41 0.6911057692307693 0.78125 0.06490384615384616 0.11658653846153846
39 0.5817307692307693 0.8485576923076923 0.07932692307692307 0.1310096153846154
38 0.44591346153846156 0.9326923076923077 0.0985576923076923 0.1310096153846154
36 0.6887019230769231 0.9194711538461539 0.06490384615384616 0.12259615384615384