275 0.45072115384615385 0.12620192307692307 0.08173076923076923 0.11899038461538461
264 0.609375 0.11177884615384616 0.07932692307692307 0.1141826923076923
26 0.46875 0.4795673076923077 0.0733173076923077 0.09254807692307693
25 0.6081730769230769 0.5576923076923077 0.06490384615384616 0.08653846153846154
24 0.4735576923076923 0.5817307692307693 0.06971153846153846 0.09134615384615384
23 0.6081730769230769 0.6490384615384616 0.06129807692307692 0.0889423076923077
22 0.47716346153846156 0.6754807692307693 0.06971153846153846 0.0889423076923077
20 0.6081730769230769 0.7331730769230769 0.06129807692307692 0.08413461538461539
16 0.48197115384615385 0.7608173076923077 0.06850961538461539 0.08653846153846154
11 0.6069711538461539 0.8125 0.06129807692307692 0.08052884615384616
152 0.4855769230769231 0.8425480769230769 0.0673076923076923 0.08052884615384616