113 0.6790865384615384 0.23076923076923078 0.17548076923076922 0.1502403846153846
111 0.4326923076923077 0.24759615384615385 0.18870192307692307 0.14543269230769232
110 0.6670673076923077 0.3858173076923077 0.17067307692307693 0.125
99 0.43509615384615385 0.40865384615384615 0.1875 0.14182692307692307
85 0.6610576923076923 0.5276442307692307 0.16706730769230768 0.12259615384615384
72 0.43509615384615385 0.5540865384615384 0.1778846153846154 0.12860576923076922
53 0.6526442307692307 0.6598557692307693 0.16105769230769232 0.11658653846153846
35 0.43509615384615385 0.6911057692307693 0.17668269230769232 0.125
9 0.640625 0.7860576923076923 0.14903846153846154 0.10576923076923077
1 0.4326923076923077 0.8173076923076923 0.17668269230769232 0.12740384615384615
272 0.6394230769230769 0.9158653846153846 0.0673076923076923 0.08533653846153846