22 0.4723557692307692 0.04447115384615385 0.11778846153846154 0.0889423076923077
11 0.47475961538461536 0.12860576923076922 0.12139423076923077 0.09134615384615384
113 0.47596153846153844 0.21995192307692307 0.1201923076923077 0.09735576923076923
110 0.48197115384615385 0.3137019230769231 0.12740384615384615 0.10216346153846154
85 0.4855769230769231 0.41346153846153844 0.12980769230769232 0.1141826923076923
72 0.4891826923076923 0.5204326923076923 0.13581730769230768 0.12139423076923077
35 0.49278846153846156 0.6298076923076923 0.13942307692307693 0.1310096153846154
8 0.5 0.75 0.14182692307692307 0.13341346153846154
3 0.5036057692307693 0.8701923076923077 0.14302884615384615 0.14783653846153846
9 0.6201923076923077 0.6201923076923077 0.13221153846153846 0.12740384615384615
53 0.6141826923076923 0.5120192307692307 0.13221153846153846 0.11298076923076923
99 0.6033653846153846 0.40625 0.12379807692307693 0.1045673076923077
111 0.6009615384615384 0.3112980769230769 0.12379807692307693 0.09735576923076923
10 0.5949519230769231 0.21875 0.11538461538461539 0.09134615384615384
260 0.5901442307692307 0.12740384615384615 0.10697115384615384 0.08774038461538461
260 0.5841346153846154 0.04927884615384615 0.0985576923076923 0.08173076923076923