259 0.6586538461538461 0.36899038461538464 0.1045673076923077 0.054086538461538464
35 0.6526442307692307 0.5384615384615384 0.10096153846153846 0.04326923076923077
275 0.4519230769230769 0.40024038461538464 0.11899038461538461 0.054086538461538464
264 0.4567307692307692 0.46153846153846156 0.109375 0.04927884615384615
260 0.4675480769230769 0.5733173076923077 0.1045673076923077 0.04927884615384615
260 0.4735576923076923 0.6225961538461539 0.09615384615384616 0.04326923076923077
260 0.6478365384615384 0.5877403846153846 0.08533653846153846 0.040865384615384616
272 0.4795673076923077 0.7115384615384616 0.09615384615384616 0.042067307692307696
272 0.4831730769230769 0.7524038461538461 0.08774038461538461 0.040865384615384616
272 0.4855769230769231 0.7920673076923077 0.08533653846153846 0.040865384615384616
272 0.5697115384615384 0.8485576923076923 0.0625 0.039663461538461536