265 0.45552884615384615 0.10096153846153846 0.0625 0.040865384615384616
366 0.5360576923076923 0.10096153846153846 0.06610576923076923 0.039663461538461536
25 0.5348557692307693 0.18509615384615385 0.0625 0.039663461538461536
24 0.5348557692307693 0.24278846153846154 0.06129807692307692 0.040865384615384616
23 0.5360576923076923 0.30408653846153844 0.06370192307692307 0.039663461538461536
22 0.5348557692307693 0.3629807692307692 0.057692307692307696 0.037259615384615384
20 0.5336538461538461 0.4182692307692308 0.056490384615384616 0.03485576923076923
16 0.5336538461538461 0.4735576923076923 0.055288461538461536 0.03485576923076923
11 0.5348557692307693 0.5264423076923077 0.05889423076923077 0.03245192307692308
10 0.5336538461538461 0.5793269230769231 0.055288461538461536 0.03245192307692308
113 0.5348557692307693 0.6310096153846154 0.056490384615384616 0.03365384615384615
111 0.4567307692307692 0.2439903846153846 0.0625 0.042067307692307696
110 0.45913461538461536 0.30408653846153844 0.06009615384615385 0.039663461538461536
99 0.46033653846153844 0.3629807692307692 0.05889423076923077 0.037259615384615384
85 0.46153846153846156 0.41947115384615385 0.05889423076923077 0.03485576923076923
72 0.46274038461538464 0.47475961538461536 0.056490384615384616 0.03365384615384615
53 0.46274038461538464 0.5264423076923077 0.057692307692307696 0.03125
35 0.46274038461538464 0.578125 0.055288461538461536 0.03365384615384615
9 0.4639423076923077 0.6310096153846154 0.055288461538461536 0.03365384615384615
152 0.4639423076923077 0.6826923076923077 0.056490384615384616 0.03125
266 0.5 0.8341346153846154 0.08173076923076923 0.04567307692307692