111 0.7764423076923077 0.046875 0.09134615384615384 0.09375
99 0.75 0.2620192307692308 0.078125 0.1310096153846154
85 0.49158653846153844 0.20673076923076922 0.07451923076923077 0.12860576923076922
72 0.7247596153846154 0.46153846153846156 0.07572115384615384 0.11899038461538461
53 0.49158653846153844 0.4014423076923077 0.06610576923076923 0.1141826923076923
35 0.7043269230769231 0.6286057692307693 0.0673076923076923 0.10216346153846154
9 0.49038461538461536 0.5625 0.06490384615384616 0.1045673076923077
152 0.6862980769230769 0.7704326923076923 0.06129807692307692 0.09134615384615384
177 0.4855769230769231 0.6995192307692307 0.056490384615384616 0.08774038461538461
275 0.48677884615384615 0.8233173076923077 0.05048076923076923 0.07932692307692307
259 0.5685096153846154 0.9591346153846154 0.04807692307692308 0.06490384615384616