259 0.6021634615384616 0.22956730769230768 0.0625 0.11298076923076923
275 0.45552884615384615 0.2644230769230769 0.07091346153846154 0.12860576923076922
85 0.5997596153846154 0.3581730769230769 0.055288461538461536 0.1045673076923077
72 0.45913461538461536 0.4050480769230769 0.07211538461538461 0.12259615384615384
53 0.5985576923076923 0.4795673076923077 0.052884615384615384 0.09975961538461539
35 0.46153846153846156 0.5420673076923077 0.0673076923076923 0.11298076923076923
152 0.4639423076923077 0.6658653846153846 0.06610576923076923 0.10576923076923077
187 0.5973557692307693 0.5949519230769231 0.05048076923076923 0.09735576923076923
260 0.9603365384615384 0.1502403846153846 0.03125 0.07091346153846154
260 0.9495192307692307 0.24278846153846154 0.03125 0.0733173076923077
260 0.9423076923076923 0.3293269230769231 0.027644230769230768 0.06610576923076923
260 0.9338942307692307 0.41586538461538464 0.03245192307692308 0.06490384615384616