263 0.41346153846153844 0.10336538461538461 0.055288461538461536 0.08774038461538461
273 0.5552884615384616 0.3016826923076923 0.3245192307692308 0.11899038461538461
266 0.421875 0.4567307692307692 0.05048076923076923 0.08052884615384616
11 0.6814903846153846 0.4567307692307692 0.05048076923076923 0.08052884615384616
10 0.6286057692307693 0.4567307692307692 0.04927884615384615 0.08052884615384616
113 0.5757211538461539 0.4567307692307692 0.04927884615384615 0.08052884615384616
111 0.5240384615384616 0.4567307692307692 0.04567307692307692 0.08052884615384616
110 0.4735576923076923 0.4567307692307692 0.04807692307692308 0.08052884615384616
99 0.6766826923076923 0.5889423076923077 0.04807692307692308 0.07572115384615384
85 0.6262019230769231 0.5889423076923077 0.04927884615384615 0.078125
72 0.5733173076923077 0.5889423076923077 0.05048076923076923 0.078125
53 0.5240384615384616 0.5889423076923077 0.04567307692307692 0.078125
35 0.47596153846153844 0.5889423076923077 0.04927884615384615 0.078125
9 0.4254807692307692 0.5889423076923077 0.04927884615384615 0.078125
264 0.6730769230769231 0.7127403846153846 0.04927884615384615 0.0733173076923077
275 0.5961538461538461 0.7115384615384616 0.0625 0.06971153846153846
131 0.6923076923076923 0.10096153846153846 0.06610576923076923 0.11538461538461539