99 0.5180288461538461 0.1466346153846154 0.04927884615384615 0.09495192307692307
85 0.6009615384615384 0.26322115384615385 0.04567307692307692 0.09014423076923077
72 0.5180288461538461 0.2692307692307692 0.04927884615384615 0.09014423076923077
53 0.6009615384615384 0.37740384615384615 0.04567307692307692 0.08653846153846154
35 0.5192307692307693 0.38822115384615385 0.04807692307692308 0.09134615384615384
9 0.5997596153846154 0.4879807692307692 0.04567307692307692 0.08653846153846154
152 0.5204326923076923 0.5 0.04567307692307692 0.0889423076923077
120 0.5985576923076923 0.5973557692307693 0.04567307692307692 0.08173076923076923
121 0.5216346153846154 0.6081730769230769 0.046875 0.08413461538461539
122 0.5997596153846154 0.6995192307692307 0.04447115384615385 0.08052884615384616
123 0.5216346153846154 0.7127403846153846 0.04807692307692308 0.08052884615384616
275 0.5240384615384616 0.8737980769230769 0.04447115384615385 0.07572115384615384
264 0.5985576923076923 0.8581730769230769 0.04326923076923077 0.078125