366 0.5444711538461539 0.1622596153846154 0.04447115384615385 0.08173076923076923
53 0.4963942307692308 0.4050480769230769 0.039663461538461536 0.07572115384615384
35 0.5012019230769231 0.5216346153846154 0.036057692307692304 0.06610576923076923
9 0.5060096153846154 0.6346153846153846 0.036057692307692304 0.0673076923076923
120 0.5120192307692307 0.7487980769230769 0.038461538461538464 0.06610576923076923
121 0.5180288461538461 0.8629807692307693 0.037259615384615384 0.07211538461538461
260 0.4266826923076923 0.17548076923076922 0.04326923076923077 0.07692307692307693
260 0.4326923076923077 0.2956730769230769 0.042067307692307696 0.08052884615384616
260 0.5492788461538461 0.2800480769230769 0.042067307692307696 0.078125
260 0.5805288461538461 0.9627403846153846 0.039663461538461536 0.0733173076923077
366 0.9471153846153846 0.13341346153846154 0.038461538461538464 0.07451923076923077