110 0.5444711538461539 0.09615384615384616 0.125 0.08774038461538461
99 0.5456730769230769 0.20192307692307693 0.11899038461538461 0.08533653846153846
266 0.5480769230769231 0.30649038461538464 0.11538461538461539 0.07692307692307693
266 0.5480769230769231 0.40865384615384615 0.1141826923076923 0.06971153846153846
110 0.4074519230769231 0.0829326923076923 0.12860576923076922 0.09735576923076923
99 0.41466346153846156 0.20192307692307693 0.12860576923076922 0.09014423076923077
85 0.41466346153846156 0.3088942307692308 0.12620192307692307 0.0829326923076923
72 0.4182692307692308 0.4110576923076923 0.12620192307692307 0.08173076923076923
53 0.4230769230769231 0.5120192307692307 0.12379807692307693 0.08052884615384616
35 0.4254807692307692 0.609375 0.12139423076923077 0.08052884615384616
9 0.42788461538461536 0.703125 0.12379807692307693 0.0829326923076923
275 0.3137019230769231 0.9471153846153846 0.12740384615384615 0.09014423076923077
264 0.7680288461538461 0.8653846153846154 0.09495192307692307 0.07211538461538461
291 0.4387019230769231 0.9014423076923077 0.11538461538461539 0.0829326923076923
291 0.6658653846153846 0.8641826923076923 0.10817307692307693 0.078125
53 0.5528846153846154 0.5048076923076923 0.12620192307692307 0.07692307692307693
35 0.5504807692307693 0.5997596153846154 0.11298076923076923 0.078125
9 0.5528846153846154 0.6923076923076923 0.1141826923076923 0.08052884615384616