299 0.33533653846153844 0.14423076923076922 0.08052884615384616 0.09134615384615384
272 0.4699519230769231 0.14302884615384615 0.07692307692307693 0.09014423076923077
272 0.6033653846153846 0.140625 0.11538461538461539 0.12740384615384615
270 0.6045673076923077 0.3125 0.05889423076923077 0.07091346153846154
270 0.3449519230769231 0.32572115384615385 0.06009615384615385 0.06850961538461539
53 0.4807692307692308 0.4855769230769231 0.07451923076923077 0.08774038461538461
35 0.6177884615384616 0.5793269230769231 0.0733173076923077 0.0829326923076923
152 0.6189903846153846 0.6778846153846154 0.0733173076923077 0.08533653846153846
9 0.35336538461538464 0.5913461538461539 0.07451923076923077 0.08774038461538461
119 0.3557692307692308 0.6923076923076923 0.0733173076923077 0.08533653846153846
353 0.49158653846153844 0.7848557692307693 0.06610576923076923 0.08173076923076923