273 0.5733173076923077 0.33413461538461536 0.2439903846153846 0.23557692307692307
9 0.5072115384615384 0.7427884615384616 0.051682692307692304 0.09014423076923077
35 0.5637019230769231 0.7451923076923077 0.05048076923076923 0.09014423076923077
53 0.6213942307692307 0.7451923076923077 0.055288461538461536 0.09014423076923077
72 0.5096153846153846 0.8269230769230769 0.04807692307692308 0.08774038461538461
85 0.5625 0.8329326923076923 0.055288461538461536 0.09134615384615384
99 0.6177884615384616 0.8341346153846154 0.04807692307692308 0.08533653846153846
110 0.5072115384615384 0.9098557692307693 0.04326923076923077 0.07932692307692307
111 0.5612980769230769 0.90625 0.05048076923076923 0.07451923076923077
113 0.6141826923076923 0.9098557692307693 0.046875 0.07091346153846154
276 0.5108173076923077 0.9675480769230769 0.046875 0.06009615384615385
8 0.5612980769230769 0.96875 0.04927884615384615 0.05889423076923077
0 0.6117788461538461 0.9711538461538461 0.046875 0.054086538461538464