273 0.49278846153846156 0.13581730769230768 0.20793269230769232 0.04567307692307692
275 0.4098557692307692 0.2764423076923077 0.036057692307692304 0.025240384615384616
266 0.45072115384615385 0.2776442307692308 0.030048076923076924 0.02403846153846154
266 0.5420673076923077 0.2800480769230769 0.03365384615384615 0.025240384615384616
264 0.5817307692307693 0.2824519230769231 0.03245192307692308 0.02403846153846154
266 0.5516826923076923 0.6358173076923077 0.04326923076923077 0.03485576923076923
53 0.5516826923076923 0.6021634615384616 0.04326923076923077 0.03125
152 0.4362980769230769 0.6394230769230769 0.04447115384615385 0.036057692307692304
266 0.43509615384615385 0.6045673076923077 0.04567307692307692 0.03125
23 0.4362980769230769 0.5721153846153846 0.04567307692307692 0.03485576923076923
25 0.43509615384615385 0.5372596153846154 0.04567307692307692 0.03245192307692308
28 0.4362980769230769 0.5036057692307693 0.046875 0.036057692307692304
37 0.43509615384615385 0.46875 0.04567307692307692 0.03365384615384615
39 0.4362980769230769 0.43509615384615385 0.046875 0.03365384615384615
24 0.5528846153846154 0.5697115384615384 0.04567307692307692 0.03365384615384615
26 0.5528846153846154 0.5372596153846154 0.04567307692307692 0.03365384615384615
36 0.5528846153846154 0.5048076923076923 0.04567307692307692 0.03245192307692308
38 0.5528846153846154 0.47115384615384615 0.04567307692307692 0.03365384615384615
266 0.5516826923076923 0.4362980769230769 0.04447115384615385 0.03485576923076923
366 0.40625 0.8004807692307693 0.0889423076923077 0.055288461538461536
366 0.4387019230769231 0.8377403846153846 0.03365384615384615 0.025240384615384616
265 0.5528846153846154 0.8293269230769231 0.03125 0.025240384615384616