366 0.5480769230769231 0.04567307692307692 0.20793269230769232 0.04927884615384615
20 0.5504807692307693 0.14543269230769232 0.19591346153846154 0.057692307692307696
16 0.5480769230769231 0.24158653846153846 0.1875 0.052884615384615384
11 0.5456730769230769 0.32572115384615385 0.18389423076923078 0.052884615384615384
10 0.5456730769230769 0.40625 0.17067307692307693 0.052884615384615384
113 0.5456730769230769 0.47475961538461536 0.1622596153846154 0.051682692307692304
111 0.5444711538461539 0.5384615384615384 0.15985576923076922 0.04326923076923077
110 0.5432692307692307 0.6009615384615384 0.15384615384615385 0.03485576923076923
99 0.5432692307692307 0.6598557692307693 0.1502403846153846 0.03125
85 0.5444711538461539 0.7115384615384616 0.14783653846153846 0.03245192307692308
72 0.5432692307692307 0.7608173076923077 0.14182692307692307 0.026442307692307692
53 0.5444711538461539 0.8088942307692307 0.13581730769230768 0.030048076923076924
35 0.5420673076923077 0.8509615384615384 0.12860576923076922 0.026442307692307692
9 0.5432692307692307 0.8942307692307693 0.13341346153846154 0.025240384615384616
119 0.5396634615384616 0.9314903846153846 0.12860576923076922 0.027644230769230768