142 0.42908653846153844 0.8449519230769231 0.052884615384615384 0.038461538461538464
319 0.6069711538461539 0.8401442307692307 0.052884615384615384 0.038461538461538464
119 0.5132211538461539 0.7379807692307693 0.055288461538461536 0.039663461538461536
260 0.5144230769230769 0.6923076923076923 0.052884615384615384 0.040865384615384616
9 0.5120192307692307 0.6466346153846154 0.055288461538461536 0.038461538461538464
35 0.5108173076923077 0.5985576923076923 0.055288461538461536 0.039663461538461536
53 0.5084134615384616 0.5516826923076923 0.054086538461538464 0.039663461538461536
72 0.5084134615384616 0.5048076923076923 0.052884615384615384 0.038461538461538464
272 0.41225961538461536 0.3942307692307692 0.05048076923076923 0.039663461538461536
323 0.5997596153846154 0.3894230769230769 0.04447115384615385 0.03365384615384615
273 0.5 0.26322115384615385 0.12860576923076922 0.054086538461538464