266 0.3329326923076923 0.5372596153846154 0.1201923076923077 0.15264423076923078
266 0.5637019230769231 0.5192307692307693 0.10096153846153846 0.13581730769230768
266 0.7487980769230769 0.5060096153846154 0.0829326923076923 0.125
266 0.8978365384615384 0.4951923076923077 0.0733173076923077 0.11177884615384616
99 0.4495192307692308 0.359375 0.10576923076923077 0.14903846153846154
277 0.19831730769230768 0.5396634615384616 0.1346153846153846 0.15985576923076922
35 0.4519230769230769 0.5276442307692307 0.1045673076923077 0.14783653846153846
53 0.6574519230769231 0.5096153846153846 0.08413461538461539 0.12620192307692307
72 0.8245192307692307 0.5 0.06490384615384616 0.12139423076923077
266 0.3269230769230769 0.3581730769230769 0.125 0.16105769230769232
266 0.5637019230769231 0.36177884615384615 0.0985576923076923 0.140625
85 0.19230769230769232 0.3629807692307692 0.1346153846153846 0.15985576923076922