275 0.5925480769230769 0.5685096153846154 0.025240384615384616 0.04326923076923077
264 0.6370192307692307 0.5685096153846154 0.02283653846153846 0.042067307692307696
9 0.5925480769230769 0.43509615384615385 0.02283653846153846 0.04447115384615385
53 0.59375 0.37740384615384615 0.025240384615384616 0.04326923076923077
72 0.6394230769230769 0.3762019230769231 0.02403846153846154 0.04447115384615385
85 0.5949519230769231 0.31971153846153844 0.025240384615384616 0.042067307692307696
99 0.6418269230769231 0.31850961538461536 0.02283653846153846 0.04567307692307692
110 0.5949519230769231 0.25961538461538464 0.025240384615384616 0.04326923076923077
111 0.6418269230769231 0.25841346153846156 0.025240384615384616 0.04567307692307692
113 0.5961538461538461 0.20072115384615385 0.02283653846153846 0.04447115384615385
266 0.6442307692307693 0.19951923076923078 0.025240384615384616 0.046875
266 0.6394230769230769 0.4338942307692308 0.025240384615384616 0.042067307692307696