260 0.41947115384615385 0.32091346153846156 0.07451923076923077 0.042067307692307696
259 0.5420673076923077 0.3233173076923077 0.06129807692307692 0.036057692307692304
272 0.4182692307692308 0.7920673076923077 0.04326923076923077 0.028846153846153848
272 0.41947115384615385 0.7403846153846154 0.054086538461538464 0.03245192307692308
272 0.5276442307692307 0.7403846153846154 0.052884615384615384 0.030048076923076924
290 0.53125 0.7920673076923077 0.03245192307692308 0.03485576923076923
291 0.41947115384615385 0.6850961538461539 0.052884615384615384 0.030048076923076924
291 0.5336538461538461 0.6850961538461539 0.057692307692307696 0.03245192307692308
152 0.41947115384615385 0.6358173076923077 0.06009615384615385 0.03125
9 0.421875 0.5997596153846154 0.057692307692307696 0.030048076923076924
35 0.421875 0.5637019230769231 0.057692307692307696 0.030048076923076924
53 0.421875 0.5288461538461539 0.057692307692307696 0.030048076923076924
72 0.421875 0.49158653846153844 0.057692307692307696 0.030048076923076924
85 0.421875 0.45552884615384615 0.06009615384615385 0.03245192307692308
99 0.4230769230769231 0.4182692307692308 0.06009615384615385 0.03245192307692308
110 0.4230769230769231 0.3798076923076923 0.06370192307692307 0.03245192307692308
111 0.5336538461538461 0.6358173076923077 0.06009615384615385 0.03245192307692308
113 0.5348557692307693 0.5997596153846154 0.06009615384615385 0.03245192307692308
10 0.5336538461538461 0.5649038461538461 0.06009615384615385 0.03245192307692308
11 0.5360576923076923 0.5276442307692307 0.06009615384615385 0.03245192307692308
260 0.5360576923076923 0.49278846153846156 0.06129807692307692 0.03485576923076923
20 0.5384615384615384 0.4543269230769231 0.06129807692307692 0.03485576923076923
22 0.5384615384615384 0.4206730769230769 0.06129807692307692 0.03485576923076923
260 0.5384615384615384 0.38221153846153844 0.06129807692307692 0.03485576923076923