111 0.41586538461538464 0.11899038461538461 0.06370192307692307 0.11057692307692307
110 0.41346153846153844 0.24519230769230768 0.06370192307692307 0.11057692307692307
99 0.41346153846153844 0.36658653846153844 0.06009615384615385 0.10576923076923077
85 0.41346153846153844 0.4879807692307692 0.06009615384615385 0.10576923076923077
72 0.41225961538461536 0.6069711538461539 0.06009615384615385 0.10576923076923077
53 0.4110576923076923 0.7259615384615384 0.06009615384615385 0.10576923076923077
35 0.4110576923076923 0.8461538461538461 0.06009615384615385 0.10576923076923077
28 0.5204326923076923 0.12620192307692307 0.06129807692307692 0.1141826923076923
26 0.5192307692307693 0.24879807692307693 0.06009615384615385 0.109375
25 0.5180288461538461 0.3701923076923077 0.06009615384615385 0.109375
24 0.5168269230769231 0.49158653846153844 0.05889423076923077 0.10576923076923077
23 0.5168269230769231 0.609375 0.06009615384615385 0.1045673076923077
22 0.5144230769230769 0.7259615384615384 0.05889423076923077 0.10697115384615384
16 0.5132211538461539 0.8449519230769231 0.05889423076923077 0.10697115384615384
11 0.5132211538461539 0.9543269230769231 0.05889423076923077 0.09014423076923077
187 0.4098557692307692 0.9543269230769231 0.06129807692307692 0.09014423076923077