131 0.38461538461538464 0.390625 0.07572115384615384 0.13221153846153846
259 0.36899038461538464 0.7175480769230769 0.055288461538461536 0.09134615384615384
275 0.3762019230769231 0.8233173076923077 0.052884615384615384 0.0889423076923077
264 0.44591346153846156 0.8076923076923077 0.04927884615384615 0.08173076923076923
111 0.6009615384615384 0.3233173076923077 0.0625 0.10817307692307693
110 0.6021634615384616 0.45072115384615385 0.05889423076923077 0.10336538461538461
99 0.6021634615384616 0.5697115384615384 0.057692307692307696 0.09615384615384616
85 0.6033653846153846 0.6802884615384616 0.055288461538461536 0.09254807692307693
72 0.5276442307692307 0.33774038461538464 0.05889423076923077 0.11177884615384616
53 0.5288461538461539 0.46033653846153844 0.05889423076923077 0.10336538461538461
35 0.5336538461538461 0.5793269230769231 0.057692307692307696 0.09735576923076923
152 0.5348557692307693 0.6862980769230769 0.055288461538461536 0.09254807692307693
122 0.5384615384615384 0.7932692307692307 0.051682692307692304 0.07932692307692307
121 0.6045673076923077 0.7836538461538461 0.052884615384615384 0.0829326923076923
120 0.671875 0.7752403846153846 0.052884615384615384 0.08413461538461539