366 0.5192307692307693 0.9038461538461539 0.038461538461538464 0.03485576923076923
36 0.5612980769230769 0.3581730769230769 0.042067307692307696 0.027644230769230768
36 0.5120192307692307 0.3581730769230769 0.037259615384615384 0.026442307692307692
28 0.5600961538461539 0.3798076923076923 0.04326923076923077 0.02403846153846154
28 0.5132211538461539 0.3798076923076923 0.040865384615384616 0.026442307692307692
26 0.5132211538461539 0.4014423076923077 0.04326923076923077 0.025240384615384616
26 0.5588942307692307 0.4014423076923077 0.040865384615384616 0.026442307692307692
25 0.5120192307692307 0.421875 0.042067307692307696 0.025240384615384616
25 0.5588942307692307 0.4230769230769231 0.042067307692307696 0.025240384615384616
24 0.5108173076923077 0.44350961538461536 0.042067307692307696 0.025240384615384616
24 0.5576923076923077 0.44471153846153844 0.042067307692307696 0.025240384615384616
23 0.5096153846153846 0.4639423076923077 0.042067307692307696 0.026442307692307692
23 0.5564903846153846 0.4651442307692308 0.042067307692307696 0.026442307692307692
22 0.5096153846153846 0.4855769230769231 0.042067307692307696 0.026442307692307692
22 0.5564903846153846 0.4855769230769231 0.042067307692307696 0.026442307692307692
20 0.5084134615384616 0.5060096153846154 0.042067307692307696 0.026442307692307692
20 0.5552884615384616 0.5072115384615384 0.042067307692307696 0.026442307692307692
16 0.5072115384615384 0.5276442307692307 0.042067307692307696 0.026442307692307692
16 0.5552884615384616 0.5276442307692307 0.042067307692307696 0.026442307692307692
11 0.5060096153846154 0.5480769230769231 0.042067307692307696 0.026442307692307692
11 0.5540865384615384 0.5492788461538461 0.042067307692307696 0.026442307692307692
10 0.5060096153846154 0.5685096153846154 0.042067307692307696 0.026442307692307692
10 0.5540865384615384 0.5709134615384616 0.042067307692307696 0.026442307692307692
113 0.5060096153846154 0.5901442307692307 0.042067307692307696 0.027644230769230768
113 0.5528846153846154 0.5913461538461539 0.042067307692307696 0.027644230769230768
111 0.5024038461538461 0.6105769230769231 0.039663461538461536 0.025240384615384616
110 0.5024038461538461 0.6322115384615384 0.039663461538461536 0.025240384615384616
99 0.5024038461538461 0.6538461538461539 0.040865384615384616 0.027644230769230768
85 0.5012019230769231 0.6742788461538461 0.039663461538461536 0.027644230769230768
72 0.5 0.6947115384615384 0.038461538461538464 0.027644230769230768
53 0.5 0.7163461538461539 0.040865384615384616 0.027644230769230768
35 0.4987980769230769 0.7391826923076923 0.038461538461538464 0.027644230769230768
9 0.5 0.7608173076923077 0.042067307692307696 0.026442307692307692
152 0.49759615384615385 0.7836538461538461 0.042067307692307696 0.026442307692307692
111 0.5516826923076923 0.6129807692307693 0.042067307692307696 0.027644230769230768
110 0.5516826923076923 0.6334134615384616 0.04326923076923077 0.028846153846153848
99 0.5504807692307693 0.65625 0.042067307692307696 0.028846153846153848
85 0.5504807692307693 0.6766826923076923 0.042067307692307696 0.030048076923076924
72 0.5492788461538461 0.6995192307692307 0.042067307692307696 0.030048076923076924
53 0.5492788461538461 0.7211538461538461 0.042067307692307696 0.028846153846153848
35 0.5480769230769231 0.7439903846153846 0.04326923076923077 0.030048076923076924