290 0.5853365384615384 0.5697115384615384 0.03125 0.040865384615384616
85 0.5817307692307693 0.6634615384615384 0.026442307692307692 0.037259615384615384
72 0.5829326923076923 0.703125 0.02403846153846154 0.03365384615384615
53 0.5841346153846154 0.7451923076923077 0.025240384615384616 0.03485576923076923
35 0.5841346153846154 0.7896634615384616 0.02403846153846154 0.03245192307692308
9 0.5853365384615384 0.8341346153846154 0.02403846153846154 0.03245192307692308
152 0.5853365384615384 0.8774038461538461 0.02403846153846154 0.03245192307692308
99 0.6129807692307693 0.8329326923076923 0.02403846153846154 0.03245192307692308
110 0.6129807692307693 0.7896634615384616 0.02403846153846154 0.03245192307692308
111 0.6117788461538461 0.7475961538461539 0.02403846153846154 0.03245192307692308
113 0.6117788461538461 0.703125 0.025240384615384616 0.03485576923076923
10 0.6117788461538461 0.6622596153846154 0.027644230769230768 0.036057692307692304
273 0.5913461538461539 0.08173076923076923 0.07091346153846154 0.1622596153846154
259 0.6105769230769231 0.5685096153846154 0.019230769230769232 0.040865384615384616