273 0.4891826923076923 0.35096153846153844 0.15745192307692307 0.14182692307692307
266 0.49158653846153844 0.8353365384615384 0.03125 0.039663461538461536
85 0.49038461538461536 0.46634615384615385 0.06971153846153846 0.05048076923076923
53 0.453125 0.5240384615384616 0.06850961538461539 0.05048076923076923
72 0.5300480769230769 0.5228365384615384 0.06850961538461539 0.046875
35 0.5288461538461539 0.5793269230769231 0.06610576923076923 0.04447115384615385
281 0.453125 0.5793269230769231 0.06850961538461539 0.04447115384615385
202 0.4543269230769231 0.6334134615384616 0.0673076923076923 0.04447115384615385
195 0.5276442307692307 0.6334134615384616 0.06490384615384616 0.04447115384615385
264 0.5276442307692307 0.6850961538461539 0.06610576923076923 0.042067307692307696
275 0.45552884615384615 0.6862980769230769 0.06610576923076923 0.04447115384615385
259 0.45552884615384615 0.7367788461538461 0.06490384615384616 0.042067307692307696
289 0.5276442307692307 0.7355769230769231 0.06370192307692307 0.04326923076923077
263 0.44711538461538464 0.8353365384615384 0.055288461538461536 0.037259615384615384
344 0.5372596153846154 0.8341346153846154 0.056490384615384616 0.039663461538461536
291 0.48677884615384615 0.03245192307692308 0.078125 0.06009615384615385