11 0.6634615384615384 0.1141826923076923 0.10336538461538461 0.14543269230769232
10 0.6586538461538461 0.2692307692307692 0.09254807692307693 0.13942307692307693
113 0.6502403846153846 0.41586538461538464 0.09014423076923077 0.12259615384615384
111 0.6418269230769231 0.5456730769230769 0.09254807692307693 0.12139423076923077
110 0.640625 0.6754807692307693 0.08774038461538461 0.11658653846153846
99 0.6322115384615384 0.7944711538461539 0.08774038461538461 0.11057692307692307
85 0.5264423076923077 0.11298076923076923 0.09735576923076923 0.14182692307692307
72 0.5240384615384616 0.2644230769230769 0.09735576923076923 0.13341346153846154
53 0.5192307692307693 0.40865384615384615 0.09495192307692307 0.13341346153846154
35 0.515625 0.5420673076923077 0.09735576923076923 0.12139423076923077
9 0.5132211538461539 0.6742788461538461 0.09254807692307693 0.11899038461538461
152 0.5120192307692307 0.7896634615384616 0.09375 0.11298076923076923