53 0.3894230769230769 0.4855769230769231 0.26802884615384615 0.08173076923076923
35 0.4014423076923077 0.5673076923076923 0.26802884615384615 0.08052884615384616
277 0.40865384615384615 0.6466346153846154 0.25721153846153844 0.07932692307692307
275 0.4170673076923077 0.734375 0.2536057692307692 0.07451923076923077
275 0.4254807692307692 0.8040865384615384 0.24639423076923078 0.0733173076923077
264 0.7019230769230769 0.7848557692307693 0.234375 0.08533653846153846
264 0.6995192307692307 0.7151442307692307 0.24158653846153846 0.08533653846153846
33 0.6995192307692307 0.6274038461538461 0.24639423076923078 0.09014423076923077
259 0.4387019230769231 0.8894230769230769 0.2439903846153846 0.07451923076923077
266 0.6959134615384616 0.1045673076923077 0.24759615384615385 0.1045673076923077
272 0.3449519230769231 0.21394230769230768 0.25961538461538464 0.09014423076923077
269 0.38341346153846156 0.11057692307692307 0.3425480769230769 0.09735576923076923
263 0.6826923076923077 0.2980769230769231 0.27884615384615385 0.09975961538461539