353 0.5036057692307693 0.06370192307692307 0.0733173076923077 0.1141826923076923
330 0.6117788461538461 0.057692307692307696 0.07091346153846154 0.10817307692307693
72 0.5048076923076923 0.34134615384615385 0.07091346153846154 0.10817307692307693
113 0.6117788461538461 0.3401442307692308 0.07091346153846154 0.10817307692307693
53 0.5060096153846154 0.4519230769230769 0.07091346153846154 0.10817307692307693
111 0.6105769230769231 0.45072115384615385 0.07091346153846154 0.10817307692307693
35 0.5060096153846154 0.5576923076923077 0.07091346153846154 0.10817307692307693
110 0.6129807692307693 0.5576923076923077 0.07091346153846154 0.10817307692307693
9 0.5072115384615384 0.6682692307692307 0.07091346153846154 0.10817307692307693
99 0.6141826923076923 0.6658653846153846 0.07091346153846154 0.10817307692307693
120 0.5072115384615384 0.7800480769230769 0.07091346153846154 0.10817307692307693
85 0.6153846153846154 0.7764423076923077 0.07091346153846154 0.10817307692307693