273 0.453125 0.140625 0.18389423076923078 0.11177884615384616
259 0.41947115384615385 0.41466346153846156 0.07692307692307693 0.04326923076923077
266 0.5060096153846154 0.41466346153846156 0.07692307692307693 0.04326923076923077
275 0.4254807692307692 0.5216346153846154 0.07211538461538461 0.039663461538461536
264 0.5084134615384616 0.5180288461538461 0.06850961538461539 0.038461538461538464
99 0.4266826923076923 0.5997596153846154 0.06971153846153846 0.039663461538461536
16 0.5096153846153846 0.5925480769230769 0.06490384615384616 0.036057692307692304
72 0.4266826923076923 0.6574519230769231 0.06971153846153846 0.039663461538461536
10 0.5096153846153846 0.6490384615384616 0.0625 0.03485576923076923
35 0.42788461538461536 0.7139423076923077 0.06971153846153846 0.039663461538461536
111 0.5096153846153846 0.7043269230769231 0.06971153846153846 0.039663461538461536
152 0.42908653846153844 0.7704326923076923 0.06971153846153846 0.039663461538461536