10 0.609375 0.15865384615384615 0.21033653846153846 0.1346153846153846
113 0.6045673076923077 0.30649038461538464 0.18389423076923078 0.12139423076923077
111 0.6021634615384616 0.43028846153846156 0.1778846153846154 0.1045673076923077
110 0.5985576923076923 0.5360576923076923 0.16346153846153846 0.09014423076923077
99 0.5985576923076923 0.6310096153846154 0.1466346153846154 0.078125
85 0.5949519230769231 0.7139423076923077 0.13942307692307693 0.0733173076923077
72 0.3329326923076923 0.16466346153846154 0.21634615384615385 0.13701923076923078
53 0.35336538461538464 0.3125 0.19110576923076922 0.11899038461538461
35 0.36899038461538464 0.43990384615384615 0.17307692307692307 0.10096153846153846
9 0.38461538461538464 0.5456730769230769 0.16826923076923078 0.08533653846153846
314 0.3954326923076923 0.6382211538461539 0.15384615384615385 0.08653846153846154
152 0.40625 0.7223557692307693 0.1466346153846154 0.06971153846153846
264 0.5901442307692307 0.8774038461538461 0.12379807692307693 0.06129807692307692
275 0.4254807692307692 0.8846153846153846 0.13341346153846154 0.06129807692307692
266 0.41466346153846156 0.7956730769230769 0.12980769230769232 0.07091346153846154