9 0.37740384615384615 0.3557692307692308 0.0673076923076923 0.09014423076923077
35 0.47836538461538464 0.35216346153846156 0.0673076923076923 0.09014423076923077
53 0.5805288461538461 0.35096153846153844 0.0673076923076923 0.09014423076923077
72 0.3798076923076923 0.5024038461538461 0.0673076923076923 0.09014423076923077
85 0.4807692307692308 0.5024038461538461 0.0673076923076923 0.09014423076923077
99 0.5817307692307693 0.5024038461538461 0.0673076923076923 0.09014423076923077
110 0.38461538461538464 0.6490384615384616 0.06610576923076923 0.08653846153846154
111 0.48197115384615385 0.6466346153846154 0.06610576923076923 0.08653846153846154
113 0.5805288461538461 0.6442307692307693 0.06370192307692307 0.08533653846153846
8 0.484375 0.7836538461538461 0.06129807692307692 0.078125
266 0.5805288461538461 0.7788461538461539 0.06129807692307692 0.078125