291 0.4230769230769231 0.7896634615384616 0.040865384615384616 0.03485576923076923
9 0.4230769230769231 0.7355769230769231 0.040865384615384616 0.03485576923076923
35 0.4254807692307692 0.6826923076923077 0.040865384615384616 0.03485576923076923
53 0.4254807692307692 0.6298076923076923 0.040865384615384616 0.03485576923076923
72 0.4254807692307692 0.5769230769230769 0.040865384615384616 0.03485576923076923
85 0.4266826923076923 0.5264423076923077 0.040865384615384616 0.03485576923076923
99 0.42427884615384615 0.4735576923076923 0.040865384615384616 0.03485576923076923
110 0.4254807692307692 0.421875 0.040865384615384616 0.03485576923076923
111 0.4254807692307692 0.3701923076923077 0.040865384615384616 0.03485576923076923
113 0.42427884615384615 0.3173076923076923 0.040865384615384616 0.03485576923076923
323 0.4266826923076923 0.265625 0.040865384615384616 0.03485576923076923