72 0.5420673076923077 0.25841346153846156 0.1201923076923077 0.13221153846153846
53 0.5408653846153846 0.3942307692307692 0.11658653846153846 0.12379807692307693
35 0.5420673076923077 0.5168269230769231 0.1141826923076923 0.11298076923076923
9 0.5408653846153846 0.640625 0.109375 0.11298076923076923
275 0.4579326923076923 0.8221153846153846 0.109375 0.11298076923076923
264 0.6153846153846154 0.7884615384615384 0.09975961538461539 0.11057692307692307
270 0.6346153846153846 0.953125 0.054086538461538464 0.09375
270 0.8497596153846154 0.890625 0.054086538461538464 0.09375
270 0.9675480769230769 0.8605769230769231 0.04447115384615385 0.08533653846153846
264 0.8762019230769231 0.7295673076923077 0.09735576923076923 0.10336538461538461
270 0.4855769230769231 0.9711538461538461 0.05048076923076923 0.056490384615384616
9 0.9507211538461539 0.5745192307692307 0.09735576923076923 0.10336538461538461
365 0.9579326923076923 0.46634615384615385 0.08413461538461539 0.10096153846153846