111 0.4651442307692308 0.5084134615384616 0.056490384615384616 0.04447115384615385
99 0.46634615384615385 0.5516826923076923 0.056490384615384616 0.04447115384615385
72 0.4675480769230769 0.59375 0.056490384615384616 0.04447115384615385
35 0.47115384615384615 0.6346153846153846 0.056490384615384616 0.040865384615384616
119 0.47115384615384615 0.6754807692307693 0.056490384615384616 0.040865384615384616
113 0.5709134615384616 0.5048076923076923 0.05889423076923077 0.04447115384615385
110 0.5721153846153846 0.5492788461538461 0.06009615384615385 0.04326923076923077
85 0.5721153846153846 0.5925480769230769 0.05889423076923077 0.04326923076923077
53 0.5733173076923077 0.6346153846153846 0.057692307692307696 0.039663461538461536
9 0.5733173076923077 0.6742788461538461 0.057692307692307696 0.039663461538461536
352 0.47475961538461536 0.734375 0.056490384615384616 0.039663461538461536
330 0.5733173076923077 0.734375 0.056490384615384616 0.039663461538461536