24 0.5949519230769231 0.24879807692307693 0.04927884615384615 0.09735576923076923
26 0.8245192307692307 0.2283653846153846 0.039663461538461536 0.08533653846153846
25 0.7163461538461539 0.23918269230769232 0.046875 0.09615384615384616
23 0.8185096153846154 0.35216346153846156 0.040865384615384616 0.0829326923076923
22 0.7127403846153846 0.3641826923076923 0.04807692307692308 0.08774038461538461
16 0.5925480769230769 0.3786057692307692 0.04927884615384615 0.09615384615384616
11 0.8137019230769231 0.4651442307692308 0.039663461538461536 0.0829326923076923
10 0.7079326923076923 0.48677884615384615 0.04567307692307692 0.09014423076923077
113 0.5901442307692307 0.5036057692307693 0.04807692307692308 0.09014423076923077
111 0.8100961538461539 0.5757211538461539 0.042067307692307696 0.08533653846153846
110 0.7007211538461539 0.6033653846153846 0.04326923076923077 0.09375
99 0.5877403846153846 0.6274038461538461 0.046875 0.08774038461538461
85 0.8040865384615384 0.6887019230769231 0.042067307692307696 0.09375
72 0.6995192307692307 0.71875 0.046875 0.09134615384615384
53 0.5853365384615384 0.75 0.04927884615384615 0.09134615384615384
35 0.7980769230769231 0.8245192307692307 0.04326923076923077 0.09134615384615384
283 0.5817307692307693 0.8942307692307693 0.04807692307692308 0.09134615384615384
289 0.7920673076923077 0.9507211538461539 0.040865384615384616 0.07692307692307693
266 0.6550480769230769 0.24519230769230768 0.04567307692307692 0.09735576923076923
266 0.6514423076923077 0.3713942307692308 0.04567307692307692 0.09615384615384616
266 0.6478365384615384 0.49399038461538464 0.04807692307692308 0.09615384615384616
266 0.6466346153846154 0.6129807692307693 0.04807692307692308 0.09014423076923077
266 0.6430288461538461 0.7307692307692307 0.04927884615384615 0.09975961538461539
266 0.7716346153846154 0.23557692307692307 0.04326923076923077 0.1045673076923077
266 0.765625 0.3557692307692308 0.04447115384615385 0.09134615384615384
266 0.7596153846153846 0.4723557692307692 0.042067307692307696 0.09014423076923077
266 0.7548076923076923 0.5889423076923077 0.038461538461538464 0.09014423076923077
266 0.7512019230769231 0.6995192307692307 0.040865384615384616 0.09014423076923077
266 0.8725961538461539 0.2247596153846154 0.039663461538461536 0.09134615384615384
266 0.8677884615384616 0.3425480769230769 0.039663461538461536 0.09735576923076923
266 0.8617788461538461 0.45552884615384615 0.042067307692307696 0.09375
266 0.8557692307692307 0.5661057692307693 0.039663461538461536 0.09375
266 0.8521634615384616 0.671875 0.03485576923076923 0.07692307692307693
266 0.8449519230769231 0.8064903846153846 0.03365384615384615 0.0829326923076923
266 0.8377403846153846 0.9338942307692307 0.037259615384615384 0.07451923076923077
266 0.7403846153846154 0.9663461538461539 0.04447115384615385 0.0625