72 0.4579326923076923 0.1346153846153846 0.07692307692307693 0.10576923076923077
53 0.46153846153846156 0.23798076923076922 0.07451923076923077 0.09615384615384616
35 0.4651442307692308 0.33052884615384615 0.06971153846153846 0.09254807692307693
9 0.46875 0.41346153846153844 0.06610576923076923 0.08052884615384616
120 0.47115384615384615 0.49038461538461536 0.06370192307692307 0.078125
121 0.4735576923076923 0.5600961538461539 0.06129807692307692 0.0733173076923077
122 0.47716346153846156 0.6237980769230769 0.06129807692307692 0.06850961538461539
123 0.4795673076923077 0.6814903846153846 0.056490384615384616 0.06610576923076923
124 0.48197115384615385 0.7355769230769231 0.055288461538461536 0.06490384615384616
125 0.484375 0.7848557692307693 0.051682692307692304 0.057692307692307696
275 0.40865384615384615 0.8545673076923077 0.04927884615384615 0.05048076923076923
264 0.46153846153846156 0.8449519230769231 0.04927884615384615 0.05048076923076923
259 0.5612980769230769 0.8245192307692307 0.046875 0.051682692307692304
272 0.46274038461538464 0.8846153846153846 0.04447115384615385 0.04807692307692308