272 0.46274038461538464 0.2644230769230769 0.06129807692307692 0.037259615384615384
272 0.6658653846153846 0.2644230769230769 0.06370192307692307 0.037259615384615384
363 0.5685096153846154 0.32091346153846156 0.07451923076923077 0.040865384615384616
16 0.4651442307692308 0.3858173076923077 0.0733173076923077 0.042067307692307696
22 0.5637019230769231 0.3858173076923077 0.078125 0.040865384615384616
23 0.6598557692307693 0.3858173076923077 0.07692307692307693 0.040865384615384616
113 0.4639423076923077 0.4483173076923077 0.06971153846153846 0.038461538461538464
10 0.5600961538461539 0.4483173076923077 0.06610576923076923 0.038461538461538464
11 0.6550480769230769 0.4483173076923077 0.06490384615384616 0.040865384615384616
99 0.4651442307692308 0.5084134615384616 0.06610576923076923 0.038461538461538464
53 0.46634615384615385 0.5661057692307693 0.0625 0.036057692307692304
152 0.4651442307692308 0.6225961538461539 0.07091346153846154 0.03485576923076923
110 0.5600961538461539 0.5072115384615384 0.06610576923076923 0.040865384615384616
72 0.5588942307692307 0.5661057692307693 0.06370192307692307 0.03485576923076923
9 0.5552884615384616 0.6225961538461539 0.06370192307692307 0.037259615384615384
111 0.6526442307692307 0.5084134615384616 0.06850961538461539 0.03485576923076923
85 0.6466346153846154 0.5649038461538461 0.06129807692307692 0.03365384615384615
35 0.6454326923076923 0.6201923076923077 0.06850961538461539 0.03485576923076923
275 0.46634615384615385 0.7247596153846154 0.06610576923076923 0.037259615384615384
259 0.5528846153846154 0.7235576923076923 0.06009615384615385 0.036057692307692304
264 0.6358173076923077 0.7211538461538461 0.06370192307692307 0.03485576923076923