270 0.42427884615384615 0.8064903846153846 0.04807692307692308 0.05889423076923077
270 0.5877403846153846 0.8341346153846154 0.05048076923076923 0.06009615384615385
270 0.5865384615384616 0.9134615384615384 0.04807692307692308 0.056490384615384616
270 0.42908653846153844 0.8774038461538461 0.04567307692307692 0.054086538461538464
259 0.41947115384615385 0.7235576923076923 0.06129807692307692 0.08173076923076923
264 0.5048076923076923 0.7391826923076923 0.05889423076923077 0.08774038461538461
275 0.5913461538461539 0.7536057692307693 0.06129807692307692 0.08533653846153846
111 0.44471153846153844 0.21514423076923078 0.07932692307692307 0.09975961538461539
99 0.4483173076923077 0.3389423076923077 0.07211538461538461 0.10216346153846154
110 0.5552884615384616 0.34975961538461536 0.07451923076923077 0.09975961538461539
53 0.453125 0.4495192307692308 0.06610576923076923 0.09134615384615384
85 0.5528846153846154 0.45913461538461536 0.0673076923076923 0.09375
9 0.4567307692307692 0.5516826923076923 0.06850961538461539 0.0829326923076923
35 0.5492788461538461 0.5612980769230769 0.06129807692307692 0.09014423076923077
177 0.4579326923076923 0.6430288461538461 0.05889423076923077 0.08173076923076923
253 0.5480769230769231 0.6550480769230769 0.0625 0.09014423076923077