10 0.13221153846153846 0.140625 0.22596153846153846 0.14302884615384615
11 0.8545673076923077 0.14423076923076922 0.21033653846153846 0.1346153846153846
111 0.15625 0.29086538461538464 0.203125 0.11899038461538461
113 0.8125 0.29447115384615385 0.18990384615384615 0.125
99 0.18990384615384615 0.41466346153846156 0.18028846153846154 0.10216346153846154
110 0.7836538461538461 0.41947115384615385 0.16947115384615385 0.1045673076923077
72 0.21033653846153846 0.5168269230769231 0.16346153846153846 0.09134615384615384
35 0.23317307692307693 0.6033653846153846 0.1466346153846154 0.08173076923076923
260 0.2548076923076923 0.6742788461538461 0.12980769230769232 0.07091346153846154
249 0.2932692307692308 0.78125 0.12860576923076922 0.0673076923076923
354 0.4891826923076923 0.7307692307692307 0.12259615384615384 0.078125
85 0.7524038461538461 0.5180288461538461 0.15264423076923078 0.09495192307692307
53 0.7259615384615384 0.6009615384615384 0.12980769230769232 0.07692307692307693
260 0.7115384615384616 0.6742788461538461 0.14302884615384615 0.07091346153846154
134 0.6754807692307693 0.7788461538461539 0.11538461538461539 0.06610576923076923