53 0.3629807692307692 0.2403846153846154 0.27524038461538464 0.11057692307692307
277 0.36538461538461536 0.33533653846153844 0.26322115384615385 0.10697115384615384
119 0.3641826923076923 0.43149038461538464 0.2620192307692308 0.10817307692307693
275 0.3641826923076923 0.5252403846153846 0.2644230769230769 0.10216346153846154
275 0.36538461538461536 0.6165865384615384 0.26322115384615385 0.09975961538461539
35 0.6550480769230769 0.33653846153846156 0.2692307692307692 0.10817307692307693
129 0.6538461538461539 0.43149038461538464 0.2668269230769231 0.11057692307692307
264 0.6526442307692307 0.5252403846153846 0.2692307692307692 0.10817307692307693
264 0.6478365384615384 0.6177884615384616 0.2644230769230769 0.10096153846153846
267 0.3641826923076923 0.734375 0.25721153846153844 0.10576923076923077
259 0.3641826923076923 0.8245192307692307 0.25600961538461536 0.09975961538461539
274 0.6502403846153846 0.7367788461538461 0.2692307692307692 0.10576923076923077
289 0.6442307692307693 0.8269230769230769 0.2608173076923077 0.10096153846153846