273 0.38221153846153844 0.24278846153846154 0.23918269230769232 0.2247596153846154
131 0.23677884615384615 0.19831730769230768 0.06490384615384616 0.10817307692307693
275 0.7992788461538461 0.15625 0.07451923076923077 0.1346153846153846
264 0.7884615384615384 0.3245192307692308 0.06850961538461539 0.12259615384615384
263 0.6418269230769231 0.3425480769230769 0.0829326923076923 0.14423076923076922
9 0.36778846153846156 0.6490384615384616 0.06610576923076923 0.1045673076923077
35 0.4411057692307692 0.6502403846153846 0.06610576923076923 0.10817307692307693
53 0.5144230769230769 0.6418269230769231 0.06370192307692307 0.1045673076923077
72 0.5865384615384616 0.6382211538461539 0.06370192307692307 0.10096153846153846
85 0.6610576923076923 0.6310096153846154 0.06370192307692307 0.10096153846153846
99 0.734375 0.6237980769230769 0.06129807692307692 0.09975961538461539