99 0.5540865384615384 0.3605769230769231 0.06370192307692307 0.08774038461538461
85 0.4831730769230769 0.36177884615384615 0.06850961538461539 0.09375
84 0.40625 0.3641826923076923 0.07211538461538461 0.09615384615384616
83 0.5528846153846154 0.4543269230769231 0.06129807692307692 0.08653846153846154
66 0.4831730769230769 0.46153846153846156 0.06610576923076923 0.09375
65 0.40865384615384615 0.4675480769230769 0.07091346153846154 0.09495192307692307
35 0.5516826923076923 0.5504807692307693 0.06009615384615385 0.08774038461538461
30 0.484375 0.5588942307692307 0.06610576923076923 0.09254807692307693
29 0.4074519230769231 0.5721153846153846 0.07572115384615384 0.0985576923076923
264 0.5540865384615384 0.6766826923076923 0.0625 0.09254807692307693
275 0.4098557692307692 0.7091346153846154 0.07211538461538461 0.10336538461538461
259 0.4855769230769231 0.6899038461538461 0.06490384615384616 0.0985576923076923
261 0.5516826923076923 0.7704326923076923 0.06490384615384616 0.09735576923076923
261 0.4098557692307692 0.8088942307692307 0.0733173076923077 0.11177884615384616
288 0.4855769230769231 0.7860576923076923 0.06490384615384616 0.0985576923076923