273 0.3581730769230769 0.5733173076923077 0.09254807692307693 0.44350961538461536
275 0.46153846153846156 0.47596153846153844 0.037259615384615384 0.06850961538461539
264 0.5108173076923077 0.47115384615384615 0.036057692307692304 0.06850961538461539
263 0.6538461538461539 0.44591346153846156 0.04447115384615385 0.11057692307692307
131 0.5576923076923077 0.46634615384615385 0.027644230769230768 0.051682692307692304
120 0.4639423076923077 0.6838942307692307 0.036057692307692304 0.0673076923076923
85 0.5108173076923077 0.5973557692307693 0.03485576923076923 0.06971153846153846
99 0.5576923076923077 0.5901442307692307 0.036057692307692304 0.06850961538461539
110 0.6033653846153846 0.5841346153846154 0.03485576923076923 0.06610576923076923
111 0.6490384615384616 0.5793269230769231 0.03485576923076923 0.06610576923076923
9 0.5108173076923077 0.6754807692307693 0.036057692307692304 0.06850961538461539
35 0.5576923076923077 0.6682692307692307 0.036057692307692304 0.06610576923076923
53 0.6033653846153846 0.6610576923076923 0.03485576923076923 0.06490384615384616
72 0.6478365384615384 0.6538461538461539 0.03485576923076923 0.06610576923076923