273 0.31850961538461536 0.25721153846153844 0.25 0.10817307692307693
273 0.3557692307692308 0.6995192307692307 0.1814903846153846 0.055288461538461536
9 0.25841346153846156 0.390625 0.05889423076923077 0.040865384615384616
35 0.33533653846153844 0.3918269230769231 0.054086538461538464 0.040865384615384616
53 0.41225961538461536 0.3942307692307692 0.054086538461538464 0.040865384615384616
72 0.26322115384615385 0.44350961538461536 0.056490384615384616 0.040865384615384616
85 0.3401442307692308 0.44471153846153844 0.056490384615384616 0.037259615384615384
99 0.41466346153846156 0.44591346153846156 0.054086538461538464 0.038461538461538464
110 0.2704326923076923 0.49399038461538464 0.054086538461538464 0.036057692307692304
111 0.3449519230769231 0.4951923076923077 0.051682692307692304 0.03485576923076923
113 0.4170673076923077 0.4951923076923077 0.054086538461538464 0.03485576923076923
8 0.3473557692307692 0.5396634615384616 0.04807692307692308 0.036057692307692304
152 0.2824519230769231 0.5841346153846154 0.04807692307692308 0.03125
177 0.4182692307692308 0.5829326923076923 0.04326923076923077 0.027644230769230768
152 0.2283653846153846 0.5853365384615384 0.06850961538461539 0.036057692307692304
177 0.36658653846153844 0.5841346153846154 0.0625 0.03485576923076923
260 0.4170673076923077 0.6237980769230769 0.04567307692307692 0.03245192307692308