110 0.055288461538461536 0.06971153846153846 0.11057692307692307 0.13942307692307693
85 0.055288461538461536 0.28125 0.11057692307692307 0.17908653846153846
53 0.055288461538461536 0.5120192307692307 0.11057692307692307 0.17908653846153846
9 0.057692307692307696 0.7427884615384616 0.1141826923076923 0.1814903846153846
1 0.05889423076923077 0.9411057692307693 0.11658653846153846 0.1141826923076923
8 0.36177884615384615 0.9362980769230769 0.11899038461538461 0.12259615384615384
111 0.359375 0.08052884615384616 0.12259615384615384 0.15985576923076922
99 0.359375 0.2920673076923077 0.12259615384615384 0.18389423076923078
72 0.3605769230769231 0.515625 0.125 0.17668269230769232
35 0.3605769230769231 0.7379807692307693 0.125 0.17668269230769232
266 0.18028846153846154 0.07091346153846154 0.12740384615384615 0.14182692307692307
266 0.4831730769230769 0.08173076923076923 0.12139423076923077 0.1622596153846154
266 0.1814903846153846 0.28365384615384615 0.125 0.17908653846153846
266 0.48197115384615385 0.2980769230769231 0.11899038461538461 0.17067307692307693
266 0.18028846153846154 0.5144230769230769 0.12740384615384615 0.17067307692307693
266 0.484375 0.7379807692307693 0.12259615384615384 0.17548076923076922
266 0.18269230769230768 0.7415865384615384 0.12259615384615384 0.17548076923076922
266 0.18629807692307693 0.9399038461538461 0.13581730769230768 0.11658653846153846
266 0.4891826923076923 0.9362980769230769 0.12139423076923077 0.12259615384615384