273 0.4723557692307692 0.20072115384615385 0.13822115384615385 0.25841346153846156
259 0.46634615384615385 0.5552884615384616 0.03485576923076923 0.025240384615384616
36 0.5048076923076923 0.6286057692307693 0.04326923076923077 0.038461538461538464
28 0.43149038461538464 0.6225961538461539 0.042067307692307696 0.03485576923076923
26 0.5048076923076923 0.6742788461538461 0.04927884615384615 0.038461538461538464
25 0.43149038461538464 0.6658653846153846 0.036057692307692304 0.03485576923076923
24 0.5036057692307693 0.7211538461538461 0.039663461538461536 0.036057692307692304
23 0.4326923076923077 0.7115384615384616 0.039663461538461536 0.03485576923076923
20 0.5036057692307693 0.7668269230769231 0.042067307692307696 0.038461538461538464
16 0.43028846153846156 0.7548076923076923 0.036057692307692304 0.036057692307692304
11 0.5036057692307693 0.8137019230769231 0.04326923076923077 0.038461538461538464
253 0.43028846153846156 0.8004807692307693 0.038461538461538464 0.03485576923076923
264 0.5036057692307693 0.8870192307692307 0.042067307692307696 0.038461538461538464
275 0.43149038461538464 0.8713942307692307 0.054086538461538464 0.042067307692307696