10 0.3762019230769231 0.09735576923076923 0.09375 0.1310096153846154
113 0.6081730769230769 0.23677884615384615 0.0829326923076923 0.11899038461538461
111 0.38100961538461536 0.234375 0.08653846153846154 0.12259615384615384
110 0.5997596153846154 0.3581730769230769 0.08173076923076923 0.11298076923076923
99 0.38221153846153844 0.3581730769230769 0.08653846153846154 0.11298076923076923
85 0.59375 0.4651442307692308 0.08173076923076923 0.09735576923076923
191 0.38461538461538464 0.47475961538461536 0.08653846153846154 0.1045673076923077
53 0.5865384615384616 0.5685096153846154 0.0733173076923077 0.09975961538461539
35 0.3870192307692308 0.5769230769230769 0.08173076923076923 0.09975961538461539
9 0.5841346153846154 0.6646634615384616 0.07211538461538461 0.09134615384615384
260 0.3870192307692308 0.6742788461538461 0.078125 0.09375
264 0.5769230769230769 0.7896634615384616 0.06971153846153846 0.0829326923076923
275 0.3918269230769231 0.8004807692307693 0.0733173076923077 0.09014423076923077