263 0.5913461538461539 0.10697115384615384 0.03485576923076923 0.04447115384615385
260 0.5192307692307693 0.2848557692307692 0.039663461538461536 0.07451923076923077
264 0.5973557692307693 0.2776442307692308 0.042067307692307696 0.07211538461538461
36 0.5997596153846154 0.38341346153846156 0.040865384615384616 0.07451923076923077
28 0.6009615384615384 0.453125 0.042067307692307696 0.0673076923076923
26 0.6021634615384616 0.5228365384615384 0.042067307692307696 0.06850961538461539
25 0.6033653846153846 0.5901442307692307 0.042067307692307696 0.06850961538461539
24 0.6045673076923077 0.6586538461538461 0.038461538461538464 0.06971153846153846
23 0.6069711538461539 0.7259615384615384 0.037259615384615384 0.06850961538461539
16 0.6081730769230769 0.7944711538461539 0.038461538461538464 0.06610576923076923
11 0.5216346153846154 0.3894230769230769 0.040865384615384616 0.0733173076923077
10 0.5228365384615384 0.45913461538461536 0.039663461538461536 0.06850961538461539
111 0.5240384615384616 0.5264423076923077 0.039663461538461536 0.06850961538461539
110 0.5264423076923077 0.5961538461538461 0.039663461538461536 0.06971153846153846
99 0.5276442307692307 0.6670673076923077 0.038461538461538464 0.06971153846153846
85 0.5300480769230769 0.7331730769230769 0.039663461538461536 0.06610576923076923
72 0.53125 0.7992788461538461 0.039663461538461536 0.06490384615384616
9 0.5324519230769231 0.8677884615384616 0.042067307692307696 0.07211538461538461