53 0.09134615384615384 0.2439903846153846 0.1778846153846154 0.2704326923076923
152 0.11298076923076923 0.5769230769230769 0.17908653846153846 0.24158653846153846
323 0.14423076923076922 0.8605769230769231 0.17548076923076922 0.20793269230769232
72 0.4483173076923077 0.24639423076923078 0.15504807692307693 0.20673076923076922
72 0.6322115384615384 0.23798076923076922 0.21033653846153846 0.2848557692307692
35 0.453125 0.5901442307692307 0.14423076923076922 0.17908653846153846
35 0.6262019230769231 0.5865384615384616 0.19471153846153846 0.23918269230769232
289 0.47596153846153844 0.8798076923076923 0.13822115384615385 0.15985576923076922
318 0.6237980769230769 0.8882211538461539 0.1622596153846154 0.19831730769230768
365 0.2764423076923077 0.2536057692307692 0.18509615384615385 0.23918269230769232
365 0.28365384615384615 0.5853365384615384 0.1658653846153846 0.20793269230769232
365 0.8233173076923077 0.24158653846153846 0.18389423076923078 0.24639423076923078
365 0.8016826923076923 0.5817307692307693 0.14783653846153846 0.1814903846153846