131 0.16105769230769232 0.4723557692307692 0.1466346153846154 0.17908653846153846
131 0.8197115384615384 0.6081730769230769 0.14302884615384615 0.15865384615384615
111 0.44350961538461536 0.055288461538461536 0.09254807692307693 0.11057692307692307
99 0.44471153846153844 0.1935096153846154 0.09254807692307693 0.1502403846153846
110 0.5540865384615384 0.19591346153846154 0.09134615384615384 0.15384615384615385
72 0.4483173076923077 0.3449519230769231 0.08413461538461539 0.13581730769230768
85 0.5516826923076923 0.3425480769230769 0.08653846153846154 0.13942307692307693
35 0.4519230769230769 0.4795673076923077 0.08413461538461539 0.125
53 0.5504807692307693 0.47596153846153844 0.08173076923076923 0.12740384615384615
152 0.4519230769230769 0.5985576923076923 0.08052884615384616 0.1141826923076923
9 0.5492788461538461 0.5949519230769231 0.08052884615384616 0.11899038461538461
275 0.4098557692307692 0.7247596153846154 0.07091346153846154 0.1045673076923077
264 0.5 0.7247596153846154 0.07211538461538461 0.1045673076923077
259 0.5913461538461539 0.7271634615384616 0.07451923076923077 0.10817307692307693
275 0.5024038461538461 0.8269230769230769 0.07451923076923077 0.09975961538461539