60 0.3605769230769231 0.22956730769230768 0.125 0.14182692307692307
55 0.3701923076923077 0.359375 0.11658653846153846 0.12740384615384615
44 0.38100961538461536 0.46033653846153844 0.10576923076923077 0.12860576923076922
35 0.3858173076923077 0.5612980769230769 0.10096153846153846 0.12259615384615384
61 0.4795673076923077 0.17548076923076922 0.10576923076923077 0.1310096153846154
56 0.4831730769230769 0.2920673076923077 0.10096153846153846 0.12860576923076922
46 0.4855769230769231 0.39783653846153844 0.09495192307692307 0.12139423076923077
53 0.48677884615384615 0.4879807692307692 0.09134615384615384 0.11658653846153846
62 0.5865384615384616 0.11899038461538461 0.10336538461538461 0.13341346153846154
57 0.5793269230769231 0.23798076923076922 0.09014423076923077 0.12139423076923077
47 0.5769230769230769 0.3425480769230769 0.08413461538461539 0.11057692307692307
72 0.5757211538461539 0.4338942307692308 0.08173076923076923 0.10817307692307693
63 0.6802884615384616 0.0733173076923077 0.0829326923076923 0.12139423076923077
59 0.6706730769230769 0.18629807692307693 0.0829326923076923 0.11057692307692307
54 0.6658653846153846 0.29086538461538464 0.0829326923076923 0.10216346153846154
85 0.6538461538461539 0.3786057692307692 0.07211538461538461 0.09975961538461539
277 0.53125 0.5456730769230769 0.08052884615384616 0.10817307692307693
275 0.44471153846153844 0.7512019230769231 0.07451923076923077 0.10576923076923077
259 0.5300480769230769 0.6826923076923077 0.07091346153846154 0.09735576923076923
264 0.6033653846153846 0.6237980769230769 0.06490384615384616 0.09375
263 0.53125 0.7524038461538461 0.09615384615384616 0.10817307692307693