263 0.19230769230769232 0.3870192307692308 0.0889423076923077 0.1346153846153846
131 0.421875 0.15504807692307693 0.07572115384615384 0.140625
273 0.6225961538461539 0.1502403846153846 0.16706730769230768 0.1310096153846154
275 0.5552884615384616 0.38461538461538464 0.08533653846153846 0.1310096153846154
264 0.6466346153846154 0.38221153846153844 0.08533653846153846 0.1310096153846154
72 0.38221153846153844 0.6021634615384616 0.08173076923076923 0.12620192307692307
85 0.46875 0.6021634615384616 0.08173076923076923 0.12620192307692307
99 0.5540865384615384 0.6021634615384616 0.08173076923076923 0.12620192307692307
110 0.640625 0.5973557692307693 0.08173076923076923 0.12620192307692307
194 0.2127403846153846 0.7836538461538461 0.08413461538461539 0.125
177 0.29927884615384615 0.7776442307692307 0.0829326923076923 0.125
9 0.38461538461538464 0.7776442307692307 0.08052884615384616 0.12139423076923077
35 0.4699519230769231 0.7764423076923077 0.08173076923076923 0.12620192307692307
53 0.5528846153846154 0.7740384615384616 0.07932692307692307 0.12139423076923077