366 0.2932692307692308 0.34975961538461536 0.03245192307692308 0.08653846153846154
152 0.3389423076923077 0.35096153846153844 0.03245192307692308 0.08774038461538461
72 0.37740384615384615 0.35096153846153844 0.03245192307692308 0.08774038461538461
53 0.41947115384615385 0.35096153846153844 0.03245192307692308 0.08653846153846154
72 0.46033653846153844 0.35096153846153844 0.030048076923076924 0.08774038461538461
85 0.5024038461538461 0.35216346153846156 0.03125 0.08413461538461539
99 0.5456730769230769 0.35336538461538464 0.03245192307692308 0.08653846153846154
110 0.5865384615384616 0.35216346153846156 0.036057692307692304 0.09014423076923077
111 0.6286057692307693 0.35096153846153844 0.036057692307692304 0.0889423076923077
113 0.6706730769230769 0.35096153846153844 0.038461538461538464 0.0889423076923077
265 0.7151442307692307 0.34975961538461536 0.042067307692307696 0.08653846153846154
35 0.5072115384615384 0.6538461538461539 0.04807692307692308 0.11899038461538461