273 0.5432692307692307 0.10096153846153846 0.109375 0.09975961538461539
99 0.5673076923076923 0.5817307692307693 0.037259615384615384 0.027644230769230768
85 0.5685096153846154 0.6117788461538461 0.037259615384615384 0.027644230769230768
72 0.5721153846153846 0.6430288461538461 0.037259615384615384 0.027644230769230768
53 0.5733173076923077 0.6742788461538461 0.037259615384615384 0.027644230769230768
35 0.5745192307692307 0.7055288461538461 0.037259615384615384 0.027644230769230768
9 0.5757211538461539 0.7355769230769231 0.037259615384615384 0.027644230769230768
260 0.5769230769230769 0.7680288461538461 0.037259615384615384 0.027644230769230768
275 0.5216346153846154 0.8137019230769231 0.037259615384615384 0.027644230769230768
264 0.578125 0.8112980769230769 0.037259615384615384 0.027644230769230768
259 0.6370192307692307 0.8076923076923077 0.037259615384615384 0.027644230769230768
272 0.6105769230769231 0.8533653846153846 0.037259615384615384 0.027644230769230768
272 0.5516826923076923 0.8569711538461539 0.037259615384615384 0.027644230769230768