16 0.35216346153846156 0.15985576923076922 0.15504807692307693 0.09975961538461539
113 0.3557692307692308 0.25721153846153844 0.15264423076923078 0.10216346153846154
22 0.5252403846153846 0.15985576923076922 0.15625 0.09975961538461539
10 0.5216346153846154 0.25721153846153844 0.15625 0.09735576923076923
226 0.6935096153846154 0.16466346153846154 0.15985576923076922 0.09615384615384616
11 0.6899038461538461 0.2620192307692308 0.16105769230769232 0.09615384615384616
99 0.359375 0.4110576923076923 0.14423076923076922 0.10216346153846154
110 0.5192307692307693 0.4170673076923077 0.14903846153846154 0.09615384615384616
111 0.6790865384615384 0.4170673076923077 0.15144230769230768 0.09975961538461539
53 0.3605769230769231 0.5048076923076923 0.14543269230769232 0.09375
72 0.5192307692307693 0.5108173076923077 0.1502403846153846 0.09134615384615384
9 0.5168269230769231 0.5973557692307693 0.14903846153846154 0.09134615384615384
35 0.6754807692307693 0.5973557692307693 0.1466346153846154 0.0829326923076923
85 0.6778846153846154 0.5096153846153846 0.14903846153846154 0.09014423076923077
283 0.36177884615384615 0.5949519230769231 0.14182692307692307 0.09014423076923077
275 0.3641826923076923 0.6995192307692307 0.14423076923076922 0.09134615384615384
259 0.3629807692307692 0.7836538461538461 0.14423076923076922 0.0829326923076923
264 0.6646634615384616 0.7043269230769231 0.14182692307692307 0.08774038461538461
289 0.6646634615384616 0.7920673076923077 0.13942307692307693 0.09615384615384616