44 0.12139423076923077 0.3076923076923077 0.07451923076923077 0.1310096153846154
46 0.20552884615384615 0.31009615384615385 0.07451923076923077 0.13341346153846154
47 0.2920673076923077 0.31850961538461536 0.07451923076923077 0.13341346153846154
54 0.3870192307692308 0.33052884615384615 0.078125 0.13581730769230768
55 0.4879807692307692 0.34134615384615385 0.08173076923076923 0.1502403846153846
56 0.5949519230769231 0.3473557692307692 0.08533653846153846 0.14783653846153846
57 0.7115384615384616 0.35697115384615385 0.09134615384615384 0.15985576923076922
28 0.11658653846153846 0.4723557692307692 0.0673076923076923 0.11658653846153846
36 0.19110576923076922 0.4879807692307692 0.0673076923076923 0.11658653846153846
37 0.27163461538461536 0.4987980769230769 0.06850961538461539 0.11899038461538461
38 0.3557692307692308 0.5120192307692307 0.07211538461538461 0.12139423076923077
39 0.44711538461538464 0.5276442307692307 0.07572115384615384 0.125
41 0.5432692307692307 0.5420673076923077 0.08052884615384616 0.12860576923076922
42 0.6454326923076923 0.5576923076923077 0.08533653846153846 0.13581730769230768
43 0.7548076923076923 0.5697115384615384 0.08653846153846154 0.13581730769230768
99 0.5480769230769231 0.7091346153846154 0.07451923076923077 0.11057692307692307
23 0.640625 0.7295673076923077 0.07572115384615384 0.11658653846153846
26 0.7415865384615384 0.7475961538461539 0.08413461538461539 0.11298076923076923