290 0.18389423076923078 0.3233173076923077 0.078125 0.06370192307692307
291 0.36538461538461536 0.26802884615384615 0.09495192307692307 0.07451923076923077
290 0.5889423076923077 0.32091346153846156 0.08653846153846154 0.06850961538461539
290 0.38221153846153844 0.3798076923076923 0.078125 0.06610576923076923
35 0.3858173076923077 0.5036057692307693 0.09615384615384616 0.0733173076923077
9 0.38822115384615385 0.5829326923076923 0.0889423076923077 0.07091346153846154
266 0.39302884615384615 0.6598557692307693 0.08533653846153846 0.0673076923076923
142 0.39783653846153844 0.734375 0.08653846153846154 0.06610576923076923
249 0.24639423076923078 0.7932692307692307 0.08653846153846154 0.06610576923076923
272 0.4098557692307692 0.7956730769230769 0.07932692307692307 0.055288461538461536
134 0.5685096153846154 0.8100961538461539 0.08774038461538461 0.07451923076923077