28 0.5108173076923077 0.6959134615384616 0.03125 0.02283653846153846
37 0.5108173076923077 0.6682692307692307 0.03125 0.02283653846153846
39 0.5108173076923077 0.6430288461538461 0.03125 0.02283653846153846
36 0.4170673076923077 0.6682692307692307 0.03125 0.02283653846153846
38 0.4170673076923077 0.6418269230769231 0.03125 0.02403846153846154
259 0.4182692307692308 0.5889423076923077 0.03245192307692308 0.027644230769230768
16 0.4675480769230769 0.45552884615384615 0.03485576923076923 0.028846153846153848
249 0.39663461538461536 0.39302884615384615 0.03245192307692308 0.025240384615384616
134 0.5396634615384616 0.39302884615384615 0.03485576923076923 0.028846153846153848
272 0.46634615384615385 0.39302884615384615 0.06610576923076923 0.052884615384615384
288 0.47115384615384615 0.1622596153846154 0.2536057692307692 0.12259615384615384
266 0.4651442307692308 0.6153846153846154 0.03245192307692308 0.027644230769230768
192 0.5132211538461539 0.5913461538461539 0.03245192307692308 0.027644230769230768
365 0.46634615384615385 0.5192307692307693 0.056490384615384616 0.06490384615384616
266 0.4182692307692308 0.6947115384615384 0.03125 0.02283653846153846