9 0.6213942307692307 0.4254807692307692 0.23076923076923078 0.13942307692307693
53 0.6286057692307693 0.2980769230769231 0.2439903846153846 0.1502403846153846
85 0.6334134615384616 0.15985576923076922 0.2548076923076923 0.16466346153846154
72 0.3870192307692308 0.15504807692307693 0.25961538461538464 0.15985576923076922
35 0.3870192307692308 0.29447115384615385 0.25600961538461536 0.15264423076923078
119 0.3918269230769231 0.4254807692307692 0.24278846153846154 0.14783653846153846
264 0.6081730769230769 0.7620192307692307 0.21995192307692307 0.11899038461538461
289 0.39783653846153844 0.7668269230769231 0.22596153846153846 0.12139423076923077
259 0.39783653846153844 0.8713942307692307 0.21754807692307693 0.11899038461538461
275 0.6009615384615384 0.8701923076923077 0.21153846153846154 0.1141826923076923
119 0.8509615384615384 0.2536057692307692 0.1346153846153846 0.13341346153846154
35 0.8737980769230769 0.054086538461538464 0.14423076923076922 0.10817307692307693
267 0.3942307692307692 0.65625 0.23076923076923078 0.125