9 0.37259615384615385 0.7548076923076923 0.055288461538461536 0.04447115384615385
110 0.49158653846153844 0.7716346153846154 0.055288461538461536 0.04447115384615385
111 0.49278846153846156 0.7247596153846154 0.054086538461538464 0.04447115384615385
35 0.3701923076923077 0.7127403846153846 0.052884615384615384 0.042067307692307696
113 0.49278846153846156 0.6802884615384616 0.055288461538461536 0.04447115384615385
10 0.49399038461538464 0.6346153846153846 0.054086538461538464 0.04326923076923077
53 0.3713942307692308 0.6682692307692307 0.052884615384615384 0.042067307692307696
72 0.3713942307692308 0.6237980769230769 0.051682692307692304 0.038461538461538464
11 0.4963942307692308 0.5877403846153846 0.055288461538461536 0.04326923076923077
85 0.3737980769230769 0.5793269230769231 0.054086538461538464 0.042067307692307696
272 0.43028846153846156 0.9086538461538461 0.025240384615384616 0.020432692307692308
275 0.3425480769230769 0.453125 0.05889423076923077 0.042067307692307696
266 0.5288461538461539 0.45913461538461536 0.05889423076923077 0.042067307692307696
259 0.43149038461538464 0.45552884615384615 0.05889423076923077 0.042067307692307696
99 0.37259615384615385 0.5348557692307693 0.05889423076923077 0.042067307692307696
16 0.49399038461538464 0.5408653846153846 0.05889423076923077 0.042067307692307696