110 0.39302884615384615 0.4266826923076923 0.06129807692307692 0.042067307692307696
111 0.5540865384615384 0.4254807692307692 0.06129807692307692 0.042067307692307696
85 0.3954326923076923 0.48197115384615385 0.06129807692307692 0.042067307692307696
99 0.5516826923076923 0.4795673076923077 0.06129807692307692 0.042067307692307696
53 0.39302884615384615 0.5348557692307693 0.06129807692307692 0.042067307692307696
72 0.5540865384615384 0.53125 0.06129807692307692 0.042067307692307696
9 0.39302884615384615 0.5865384615384616 0.06129807692307692 0.042067307692307696
35 0.5504807692307693 0.5829326923076923 0.06129807692307692 0.042067307692307696
152 0.3942307692307692 0.6370192307692307 0.06129807692307692 0.042067307692307696
187 0.5504807692307693 0.6358173076923077 0.06129807692307692 0.042067307692307696
366 0.38461538461538464 0.8125 0.04927884615384615 0.036057692307692304
265 0.5612980769230769 0.8016826923076923 0.04927884615384615 0.036057692307692304
272 0.4699519230769231 0.8762019230769231 0.04447115384615385 0.030048076923076924
259 0.3870192307692308 0.20432692307692307 0.05889423076923077 0.04447115384615385
266 0.5540865384615384 0.21153846153846154 0.0673076923076923 0.052884615384615384
266 0.4723557692307692 0.8353365384615384 0.04927884615384615 0.036057692307692304
249 0.3918269230769231 0.7175480769230769 0.04927884615384615 0.036057692307692304
354 0.4723557692307692 0.7139423076923077 0.04927884615384615 0.036057692307692304
134 0.5492788461538461 0.7139423076923077 0.04927884615384615 0.036057692307692304