275 0.4026442307692308 0.9663461538461539 0.08774038461538461 0.06129807692307692
272 0.5060096153846154 0.9675480769230769 0.08774038461538461 0.06129807692307692
264 0.6105769230769231 0.9651442307692307 0.08774038461538461 0.06129807692307692
9 0.39783653846153844 0.8209134615384616 0.09134615384615384 0.06370192307692307
35 0.5060096153846154 0.8209134615384616 0.09134615384615384 0.06370192307692307
53 0.6165865384615384 0.8197115384615384 0.09134615384615384 0.06370192307692307
99 0.6225961538461539 0.7415865384615384 0.09134615384615384 0.06370192307692307
85 0.5060096153846154 0.7427884615384616 0.09134615384615384 0.0673076923076923
65 0.3954326923076923 0.7427884615384616 0.09134615384615384 0.0673076923076923
110 0.3942307692307692 0.6634615384615384 0.09014423076923077 0.07211538461538461
111 0.5108173076923077 0.6634615384615384 0.09134615384615384 0.06370192307692307
113 0.625 0.6622596153846154 0.09134615384615384 0.06370192307692307
10 0.39302884615384615 0.5805288461538461 0.09014423076923077 0.06971153846153846
11 0.5096153846153846 0.5793269230769231 0.09014423076923077 0.06971153846153846
16 0.625 0.5805288461538461 0.09134615384615384 0.06971153846153846
20 0.39302884615384615 0.49158653846153844 0.09014423076923077 0.06971153846153846
21 0.5096153846153846 0.49278846153846156 0.09014423076923077 0.06971153846153846
23 0.6298076923076923 0.4951923076923077 0.09375 0.07211538461538461
24 0.3894230769230769 0.4050480769230769 0.09975961538461539 0.078125
25 0.5084134615384616 0.40625 0.1045673076923077 0.07451923076923077
26 0.6346153846153846 0.40625 0.09735576923076923 0.08173076923076923
37 0.6346153846153846 0.3161057692307692 0.09735576923076923 0.08173076923076923
36 0.5132211538461539 0.3125 0.09735576923076923 0.08173076923076923
28 0.39302884615384615 0.3137019230769231 0.09735576923076923 0.08173076923076923
38 0.390625 0.22235576923076922 0.09735576923076923 0.08173076923076923
39 0.5132211538461539 0.22235576923076922 0.09735576923076923 0.08173076923076923
40 0.6370192307692307 0.22235576923076922 0.09735576923076923 0.08173076923076923
42 0.390625 0.12860576923076922 0.10216346153846154 0.08653846153846154
43 0.5132211538461539 0.12620192307692307 0.10216346153846154 0.08173076923076923
44 0.640625 0.12860576923076922 0.10216346153846154 0.08173076923076923