9 0.4723557692307692 0.8088942307692307 0.052884615384615384 0.08774038461538461
35 0.5492788461538461 0.7524038461538461 0.052884615384615384 0.08774038461538461
53 0.47115384615384615 0.7103365384615384 0.052884615384615384 0.08774038461538461
72 0.5504807692307693 0.6538461538461539 0.052884615384615384 0.08774038461538461
85 0.46875 0.6129807692307693 0.052884615384615384 0.08774038461538461
99 0.5504807692307693 0.5540865384615384 0.052884615384615384 0.08774038461538461
110 0.46875 0.5060096153846154 0.052884615384615384 0.08774038461538461
111 0.5492788461538461 0.4519230769230769 0.052884615384615384 0.08774038461538461
113 0.4699519230769231 0.40384615384615385 0.052884615384615384 0.08774038461538461
10 0.5492788461538461 0.3473557692307692 0.052884615384615384 0.08774038461538461
11 0.4651442307692308 0.2956730769230769 0.046875 0.09134615384615384
259 0.5072115384615384 0.10817307692307693 0.052884615384615384 0.09615384615384616