259 0.5120192307692307 0.15144230769230768 0.11538461538461539 0.16826923076923078
110 0.40024038461538464 0.2824519230769231 0.0985576923076923 0.15625
111 0.515625 0.3293269230769231 0.11177884615384616 0.17067307692307693
113 0.6490384615384616 0.38221153846153844 0.12860576923076922 0.1814903846153846
72 0.4074519230769231 0.42908653846153844 0.09014423076923077 0.1502403846153846
85 0.5168269230769231 0.4879807692307692 0.10336538461538461 0.15625
99 0.6418269230769231 0.5504807692307693 0.1141826923076923 0.17307692307692307
53 0.6358173076923077 0.6995192307692307 0.10817307692307693 0.15985576923076922
275 0.6310096153846154 0.8257211538461539 0.10096153846153846 0.15985576923076922
8 0.5180288461538461 0.7548076923076923 0.09134615384615384 0.14783653846153846
35 0.515625 0.6286057692307693 0.09615384615384616 0.15264423076923078
9 0.41346153846153844 0.5685096153846154 0.08774038461538461 0.13701923076923078
152 0.41947115384615385 0.6887019230769231 0.08413461538461539 0.13942307692307693