273 0.390625 0.109375 0.1141826923076923 0.056490384615384616
273 0.390625 0.1971153846153846 0.1141826923076923 0.057692307692307696
265 0.35216346153846156 0.28725961538461536 0.0625 0.038461538461538464
366 0.42788461538461536 0.28725961538461536 0.06490384615384616 0.036057692307692304
113 0.4266826923076923 0.36538461538461536 0.0625 0.036057692307692304
72 0.35216346153846156 0.421875 0.0625 0.037259615384615384
111 0.4266826923076923 0.421875 0.0625 0.03485576923076923
366 0.39663461538461536 0.7932692307692307 0.09014423076923077 0.052884615384615384
53 0.35216346153846156 0.47836538461538464 0.0625 0.037259615384615384
110 0.4266826923076923 0.4795673076923077 0.0625 0.037259615384615384
35 0.35216346153846156 0.5348557692307693 0.0625 0.037259615384615384
99 0.4266826923076923 0.5360576923076923 0.0625 0.037259615384615384
85 0.4266826923076923 0.5901442307692307 0.0625 0.037259615384615384
9 0.3557692307692308 0.5889423076923077 0.0625 0.037259615384615384
187 0.3545673076923077 0.6442307692307693 0.0625 0.037259615384615384