10 0.38461538461538464 0.2764423076923077 0.078125 0.06009615384615385
110 0.38822115384615385 0.3581730769230769 0.07692307692307693 0.056490384615384616
72 0.3894230769230769 0.4338942307692308 0.07211538461538461 0.052884615384615384
9 0.3918269230769231 0.5036057692307693 0.06850961538461539 0.04927884615384615
178 0.3942307692307692 0.5685096153846154 0.06850961538461539 0.04447115384615385
11 0.6045673076923077 0.2776442307692308 0.0733173076923077 0.057692307692307696
259 0.8173076923076923 0.27884615384615385 0.0733173076923077 0.057692307692307696
111 0.5985576923076923 0.3581730769230769 0.06971153846153846 0.055288461538461536
85 0.5925480769230769 0.4326923076923077 0.06850961538461539 0.051682692307692304
35 0.5877403846153846 0.5024038461538461 0.06490384615384616 0.046875
177 0.5817307692307693 0.5649038461538461 0.06610576923076923 0.04326923076923077
113 0.8052884615384616 0.3581730769230769 0.06971153846153846 0.055288461538461536
99 0.7908653846153846 0.43149038461538464 0.0673076923076923 0.05048076923076923
53 0.7788461538461539 0.5 0.06610576923076923 0.046875
152 0.7668269230769231 0.5637019230769231 0.06490384615384616 0.04447115384615385
275 0.7584134615384616 0.6225961538461539 0.0625 0.042067307692307696
264 0.3954326923076923 0.6286057692307693 0.0625 0.042067307692307696
276 0.703125 0.5673076923076923 0.057692307692307696 0.042067307692307696