259 0.6322115384615384 0.11658653846153846 0.09134615384615384 0.08173076923076923
113 0.4483173076923077 0.2403846153846154 0.08173076923076923 0.0673076923076923
10 0.6189903846153846 0.2403846153846154 0.08653846153846154 0.06610576923076923
11 0.7872596153846154 0.24158653846153846 0.09375 0.06610576923076923
99 0.4495192307692308 0.3473557692307692 0.078125 0.06009615384615385
53 0.4519230769230769 0.44350961538461536 0.07451923076923077 0.054086538461538464
152 0.453125 0.5264423076923077 0.07091346153846154 0.04807692307692308
9 0.5925480769230769 0.5252403846153846 0.07091346153846154 0.04807692307692308
35 0.7355769230769231 0.5228365384615384 0.07692307692307693 0.04927884615384615
72 0.5997596153846154 0.4423076923076923 0.078125 0.054086538461538464
85 0.7487980769230769 0.43990384615384615 0.08173076923076923 0.052884615384615384
110 0.609375 0.3473557692307692 0.078125 0.056490384615384616
111 0.7668269230769231 0.34615384615384615 0.0829326923076923 0.057692307692307696
264 0.4543269230769231 0.6009615384615384 0.06610576923076923 0.042067307692307696
275 0.7199519230769231 0.5973557692307693 0.06850961538461539 0.040865384615384616