10 0.19471153846153846 0.37740384615384615 0.07692307692307693 0.052884615384615384
11 0.39302884615384615 0.328125 0.078125 0.05889423076923077
259 0.609375 0.27283653846153844 0.0829326923076923 0.06370192307692307
113 0.6418269230769231 0.3545673076923077 0.08052884615384616 0.05889423076923077
99 0.6706730769230769 0.4266826923076923 0.07692307692307693 0.051682692307692304
53 0.7007211538461539 0.4951923076923077 0.06971153846153846 0.04807692307692308
152 0.7271634615384616 0.5588942307692307 0.06971153846153846 0.04807692307692308
275 0.7512019230769231 0.6165865384615384 0.0673076923076923 0.04447115384615385
264 0.39783653846153844 0.6766826923076923 0.06129807692307692 0.040865384615384616
178 0.36177884615384615 0.6262019230769231 0.05889423076923077 0.038461538461538464
9 0.3269230769230769 0.5709134615384616 0.06370192307692307 0.042067307692307696
72 0.2860576923076923 0.5108173076923077 0.06610576923076923 0.04447115384615385
110 0.24278846153846154 0.44591346153846156 0.07091346153846154 0.05048076923076923
111 0.4338942307692308 0.40384615384615385 0.07211538461538461 0.051682692307692304
85 0.47115384615384615 0.4723557692307692 0.06971153846153846 0.04927884615384615
35 0.5048076923076923 0.5348557692307693 0.06610576923076923 0.046875
177 0.5372596153846154 0.59375 0.0673076923076923 0.04326923076923077