210 0.3942307692307692 0.2692307692307692 0.08653846153846154 0.0673076923076923
206 0.3918269230769231 0.3629807692307692 0.078125 0.06009615384615385
202 0.38822115384615385 0.4495192307692308 0.078125 0.05889423076923077
286 0.38461538461538464 0.5336538461538461 0.07572115384615384 0.055288461538461536
264 0.1971153846153846 0.7295673076923077 0.07692307692307693 0.051682692307692304
275 0.5480769230769231 0.7295673076923077 0.07692307692307693 0.051682692307692304
259 0.3713942307692308 0.8004807692307693 0.0733173076923077 0.05048076923076923
266 0.4855769230769231 0.27283653846153844 0.08052884615384616 0.06490384615384616
266 0.4795673076923077 0.36538461538461536 0.08052884615384616 0.0625
266 0.4735576923076923 0.4519230769230769 0.078125 0.05889423076923077
266 0.46875 0.5336538461538461 0.078125 0.056490384615384616
354 0.6262019230769231 0.7307692307692307 0.0733173076923077 0.052884615384615384
323 0.28125 0.7283653846153846 0.078125 0.052884615384615384
323 0.45072115384615385 0.8004807692307693 0.07091346153846154 0.051682692307692304