259 0.41586538461538464 0.12379807692307693 0.08653846153846154 0.07091346153846154
113 0.2764423076923077 0.22716346153846154 0.078125 0.056490384615384616
10 0.4254807692307692 0.22716346153846154 0.07932692307692307 0.06009615384615385
11 0.5805288461538461 0.22956730769230768 0.07692307692307693 0.06009615384615385
99 0.2932692307692308 0.3161057692307692 0.078125 0.052884615384615384
110 0.43509615384615385 0.31850961538461536 0.0733173076923077 0.054086538461538464
111 0.5757211538461539 0.31971153846153844 0.07091346153846154 0.052884615384615384
53 0.3125 0.3942307692307692 0.0673076923076923 0.04567307692307692
72 0.4411057692307692 0.39663461538461536 0.06850961538461539 0.046875
85 0.5733173076923077 0.40024038461538464 0.06610576923076923 0.04927884615384615
152 0.3269230769230769 0.46153846153846156 0.06971153846153846 0.042067307692307696
9 0.4483173076923077 0.4651442307692308 0.0625 0.039663461538461536
35 0.5709134615384616 0.46875 0.06490384615384616 0.040865384615384616
264 0.34134615384615385 0.5228365384615384 0.0625 0.038461538461538464
275 0.5685096153846154 0.5276442307692307 0.05889423076923077 0.03485576923076923