263 0.27524038461538464 0.3449519230769231 0.03485576923076923 0.0625
273 0.6430288461538461 0.21514423076923078 0.09014423076923077 0.06610576923076923
275 0.6201923076923077 0.3293269230769231 0.04326923076923077 0.05889423076923077
264 0.6694711538461539 0.328125 0.03485576923076923 0.06129807692307692
43 0.2800480769230769 0.4579326923076923 0.03485576923076923 0.0625
44 0.328125 0.45552884615384615 0.03485576923076923 0.0625
46 0.3762019230769231 0.453125 0.036057692307692304 0.06490384615384616
47 0.4254807692307692 0.45072115384615385 0.03485576923076923 0.06490384615384616
25 0.28365384615384615 0.5649038461538461 0.03485576923076923 0.0625
26 0.3317307692307692 0.5625 0.03485576923076923 0.0625
28 0.3798076923076923 0.5612980769230769 0.03485576923076923 0.0625
36 0.42788461538461536 0.5588942307692307 0.03485576923076923 0.05889423076923077
37 0.47475961538461536 0.5588942307692307 0.03485576923076923 0.06129807692307692
38 0.5240384615384616 0.5540865384615384 0.036057692307692304 0.06129807692307692
39 0.5721153846153846 0.5540865384615384 0.03365384615384615 0.057692307692307696
41 0.6213942307692307 0.5528846153846154 0.03485576923076923 0.06129807692307692
42 0.6694711538461539 0.5504807692307693 0.036057692307692304 0.06129807692307692
111 0.28725961538461536 0.671875 0.03485576923076923 0.0625
113 0.33413461538461536 0.6682692307692307 0.03485576923076923 0.0625
10 0.38221153846153844 0.6670673076923077 0.03485576923076923 0.06129807692307692
11 0.42908653846153844 0.6670673076923077 0.03365384615384615 0.05889423076923077
16 0.47716346153846156 0.6634615384615384 0.03485576923076923 0.057692307692307696
20 0.5240384615384616 0.6634615384615384 0.03485576923076923 0.05889423076923077
22 0.5733173076923077 0.6622596153846154 0.03365384615384615 0.06129807692307692
23 0.6213942307692307 0.6598557692307693 0.036057692307692304 0.06129807692307692
24 0.6694711538461539 0.6598557692307693 0.03485576923076923 0.0625
120 0.28966346153846156 0.7764423076923077 0.03245192307692308 0.05889423076923077
9 0.33774038461538464 0.7752403846153846 0.03485576923076923 0.06129807692307692
187 0.38461538461538464 0.7716346153846154 0.03485576923076923 0.06129807692307692
35 0.43149038461538464 0.7716346153846154 0.03485576923076923 0.06129807692307692
53 0.47836538461538464 0.7680288461538461 0.036057692307692304 0.0625
72 0.5264423076923077 0.7680288461538461 0.036057692307692304 0.06490384615384616
85 0.5745192307692307 0.7680288461538461 0.03485576923076923 0.06490384615384616
99 0.6213942307692307 0.7668269230769231 0.036057692307692304 0.0625
110 0.6694711538461539 0.765625 0.037259615384615384 0.06129807692307692
131 0.4675480769230769 0.22355769230769232 0.03365384615384615 0.0625