259 0.3245192307692308 0.23076923076923078 0.07692307692307693 0.078125
72 0.22355769230769232 0.3641826923076923 0.08653846153846154 0.078125
35 0.24158653846153846 0.49038461538461536 0.08173076923076923 0.0733173076923077
281 0.2536057692307692 0.6057692307692307 0.078125 0.07091346153846154
275 0.265625 0.7163461538461539 0.078125 0.07091346153846154
53 0.42427884615384615 0.4567307692307692 0.0625 0.06129807692307692
9 0.43028846153846156 0.5540865384615384 0.057692307692307696 0.05889423076923077
264 0.4375 0.6478365384615384 0.057692307692307696 0.05889423076923077
259 0.75 0.2512019230769231 0.038461538461538464 0.046875
365 0.7800480769230769 0.32572115384615385 0.027644230769230768 0.042067307692307696
365 0.7788461538461539 0.39302884615384615 0.028846153846153848 0.040865384615384616
365 0.7776442307692307 0.45913461538461536 0.028846153846153848 0.040865384615384616
275 0.7740384615384616 0.5204326923076923 0.028846153846153848 0.040865384615384616
264 0.703125 0.546875 0.030048076923076924 0.042067307692307696
365 0.7043269230769231 0.47836538461538464 0.03485576923076923 0.04326923076923077
365 0.703125 0.40625 0.03485576923076923 0.04326923076923077
272 0.31971153846153844 0.9699519230769231 0.054086538461538464 0.04567307692307692