273 0.3293269230769231 0.056490384615384616 0.12620192307692307 0.10576923076923077
323 0.28125 0.5625 0.06971153846153846 0.038461538461538464
323 0.38221153846153844 0.5600961538461539 0.06610576923076923 0.037259615384615384
260 0.27884615384615385 0.7692307692307693 0.06370192307692307 0.027644230769230768
111 0.27884615384615385 0.6225961538461539 0.06370192307692307 0.038461538461538464
110 0.2800480769230769 0.6550480769230769 0.0625 0.03245192307692308
99 0.2800480769230769 0.6838942307692307 0.06129807692307692 0.03245192307692308
85 0.2800480769230769 0.7127403846153846 0.06370192307692307 0.03245192307692308
72 0.27884615384615385 0.7403846153846154 0.06129807692307692 0.03365384615384615
22 0.38100961538461536 0.6201923076923077 0.06370192307692307 0.037259615384615384
20 0.3798076923076923 0.6514423076923077 0.05889423076923077 0.03245192307692308
16 0.3798076923076923 0.6802884615384616 0.057692307692307696 0.030048076923076924
11 0.3786057692307692 0.7067307692307693 0.05889423076923077 0.030048076923076924
10 0.37740384615384615 0.734375 0.057692307692307696 0.030048076923076924
113 0.37740384615384615 0.7632211538461539 0.05889423076923077 0.03245192307692308
272 0.22115384615384615 0.9699519230769231 0.039663461538461536 0.03365384615384615