263 0.12139423076923077 0.7151442307692307 0.026442307692307692 0.040865384615384616
232 0.0985576923076923 0.8221153846153846 0.025240384615384616 0.04326923076923077
10 0.14302884615384615 0.8689903846153846 0.028846153846153848 0.04807692307692308
113 0.0985576923076923 0.8774038461538461 0.026442307692307692 0.04567307692307692
111 0.14302884615384615 0.9230769230769231 0.025240384615384616 0.046875
110 0.09615384615384616 0.9326923076923077 0.025240384615384616 0.042067307692307696
99 0.14302884615384615 0.9783653846153846 0.02283653846153846 0.042067307692307696
266 0.09615384615384616 0.9819711538461539 0.02283653846153846 0.03245192307692308
273 0.12259615384615384 0.3629807692307692 0.11177884615384616 0.38461538461538464
121 0.21754807692307693 0.12620192307692307 0.016826923076923076 0.030048076923076924
120 0.27283653846153844 0.13221153846153846 0.016826923076923076 0.03125
9 0.3269230769230769 0.13822115384615385 0.015625 0.030048076923076924
35 0.3798076923076923 0.14543269230769232 0.015625 0.028846153846153848
53 0.42908653846153844 0.15384615384615385 0.015625 0.028846153846153848
72 0.47716346153846156 0.15985576923076922 0.014423076923076924 0.028846153846153848
85 0.5216346153846154 0.1658653846153846 0.014423076923076924 0.026442307692307692
99 0.5649038461538461 0.16947115384615385 0.014423076923076924 0.027644230769230768
111 0.6478365384615384 0.18028846153846154 0.013221153846153846 0.026442307692307692
113 0.6875 0.18389423076923078 0.01201923076923077 0.025240384615384616
10 0.7247596153846154 0.18870192307692307 0.014423076923076924 0.025240384615384616
232 0.7620192307692307 0.19230769230769232 0.014423076923076924 0.02403846153846154
273 0.8329326923076923 0.38341346153846156 0.08653846153846154 0.29086538461538464
263 0.8545673076923077 0.6394230769230769 0.018028846153846152 0.03365384615384615
232 0.8497596153846154 0.7151442307692307 0.016826923076923076 0.030048076923076924
10 0.8774038461538461 0.75 0.018028846153846152 0.03125
113 0.8533653846153846 0.7536057692307693 0.015625 0.030048076923076924
111 0.8798076923076923 0.7884615384615384 0.016826923076923076 0.03125
110 0.8569711538461539 0.7932692307692307 0.015625 0.03365384615384615
99 0.8846153846153846 0.8269230769230769 0.018028846153846152 0.03245192307692308
72 0.8882211538461539 0.8665865384615384 0.016826923076923076 0.03245192307692308
266 0.8605769230769231 0.8317307692307693 0.015625 0.028846153846153848
53 0.8641826923076923 0.8713942307692307 0.018028846153846152 0.03245192307692308
35 0.8918269230769231 0.90625 0.018028846153846152 0.03365384615384615
9 0.8689903846153846 0.9110576923076923 0.016826923076923076 0.03365384615384615
119 0.8966346153846154 0.9459134615384616 0.014423076923076924 0.030048076923076924
119 0.8725961538461539 0.9519230769230769 0.015625 0.028846153846153848
266 0.6081730769230769 0.17427884615384615 0.015625 0.030048076923076924