260 0.31850961538461536 0.44591346153846156 0.013221153846153846 0.01201923076923077
260 0.33653846153846156 0.44591346153846156 0.01201923076923077 0.01201923076923077
35 0.35336538461538464 0.44711538461538464 0.013221153846153846 0.010817307692307692
53 0.3713942307692308 0.44711538461538464 0.013221153846153846 0.01201923076923077
72 0.38822115384615385 0.44711538461538464 0.013221153846153846 0.01201923076923077
85 0.4050480769230769 0.4483173076923077 0.01201923076923077 0.01201923076923077
99 0.4206730769230769 0.4483173076923077 0.013221153846153846 0.01201923076923077
110 0.4362980769230769 0.4483173076923077 0.01201923076923077 0.010817307692307692
260 0.453125 0.4495192307692308 0.013221153846153846 0.013221153846153846
260 0.4675480769230769 0.4495192307692308 0.01201923076923077 0.01201923076923077
260 0.48197115384615385 0.45072115384615385 0.01201923076923077 0.01201923076923077
260 0.49759615384615385 0.45072115384615385 0.010817307692307692 0.01201923076923077
260 0.5108173076923077 0.45072115384615385 0.010817307692307692 0.01201923076923077
291 0.4254807692307692 0.5120192307692307 0.038461538461538464 0.027644230769230768
16 0.46634615384615385 0.546875 0.02283653846153846 0.019230769230769232
11 0.46634615384615385 0.5757211538461539 0.02283653846153846 0.019230769230769232
10 0.46634615384615385 0.6033653846153846 0.02283653846153846 0.019230769230769232
113 0.46634615384615385 0.6322115384615384 0.02283653846153846 0.019230769230769232
111 0.46634615384615385 0.6598557692307693 0.02283653846153846 0.019230769230769232
110 0.46634615384615385 0.6899038461538461 0.02283653846153846 0.020432692307692308
342 0.4699519230769231 0.7608173076923077 0.025240384615384616 0.020432692307692308
272 0.4206730769230769 0.8149038461538461 0.02403846153846154 0.02283653846153846
349 0.375 0.7800480769230769 0.03125 0.025240384615384616
152 0.37259615384615385 0.734375 0.025240384615384616 0.019230769230769232
9 0.37259615384615385 0.703125 0.025240384615384616 0.020432692307692308
35 0.37259615384615385 0.6730769230769231 0.025240384615384616 0.020432692307692308
53 0.37259615384615385 0.6418269230769231 0.02403846153846154 0.020432692307692308
72 0.37259615384615385 0.6117788461538461 0.026442307692307692 0.020432692307692308
85 0.3713942307692308 0.5817307692307693 0.025240384615384616 0.020432692307692308
99 0.3737980769230769 0.5516826923076923 0.02403846153846154 0.019230769230769232