259 0.6057692307692307 0.1935096153846154 0.10216346153846154 0.06370192307692307
275 0.4098557692307692 0.3737980769230769 0.09975961538461539 0.05889423076923077
264 0.5925480769230769 0.3786057692307692 0.09735576923076923 0.06129807692307692
111 0.5829326923076923 0.5348557692307693 0.09615384615384616 0.06009615384615385
110 0.578125 0.6081730769230769 0.10216346153846154 0.05889423076923077
99 0.5757211538461539 0.6814903846153846 0.09735576923076923 0.05889423076923077
85 0.5733173076923077 0.7536057692307693 0.09134615384615384 0.057692307692307696
72 0.4026442307692308 0.5276442307692307 0.09134615384615384 0.057692307692307696
53 0.4014423076923077 0.6033653846153846 0.09375 0.056490384615384616
35 0.40024038461538464 0.6778846153846154 0.09615384615384616 0.057692307692307696
9 0.39783653846153844 0.7487980769230769 0.09134615384615384 0.057692307692307696
272 0.4807692307692308 0.9086538461538461 0.06850961538461539 0.039663461538461536