16 0.25721153846153844 0.15504807692307693 0.06850961538461539 0.11298076923076923
22 0.4362980769230769 0.16706730769230768 0.06370192307692307 0.1141826923076923
113 0.26802884615384615 0.29927884615384615 0.06610576923076923 0.10697115384615384
10 0.4387019230769231 0.3125 0.06129807692307692 0.10576923076923077
99 0.27884615384615385 0.43149038461538464 0.06009615384615385 0.0985576923076923
110 0.4411057692307692 0.4411057692307692 0.057692307692307696 0.09735576923076923
53 0.28966346153846156 0.5480769230769231 0.06009615384615385 0.09254807692307693
85 0.44350961538461536 0.5637019230769231 0.055288461538461536 0.09014423076923077
120 0.29927884615384615 0.6538461538461539 0.054086538461538464 0.0829326923076923
9 0.44471153846153844 0.6682692307692307 0.052884615384615384 0.08774038461538461
123 0.30528846153846156 0.7512019230769231 0.05048076923076923 0.078125
122 0.44711538461538464 0.7692307692307693 0.05048076923076923 0.07932692307692307
275 0.3125 0.84375 0.05048076923076923 0.07091346153846154
259 0.31971153846153844 0.9387019230769231 0.04326923076923077 0.06370192307692307
260 0.45072115384615385 0.9615384615384616 0.04567307692307692 0.0733173076923077
11 0.6153846153846154 0.32572115384615385 0.06129807692307692 0.10697115384615384
111 0.6081730769230769 0.4567307692307692 0.05889423076923077 0.09975961538461539
72 0.6021634615384616 0.578125 0.055288461538461536 0.09254807692307693
35 0.5973557692307693 0.6850961538461539 0.054086538461538464 0.08413461538461539
121 0.5913461538461539 0.7848557692307693 0.05048076923076923 0.07451923076923077
264 0.5877403846153846 0.8762019230769231 0.05048076923076923 0.07091346153846154
275 0.38100961538461536 0.8509615384615384 0.05889423076923077 0.08052884615384616
264 0.6586538461538461 0.8858173076923077 0.06490384615384616 0.08413461538461539
266 0.34615384615384615 0.16706730769230768 0.08052884615384616 0.14302884615384615
266 0.35216346153846156 0.30528846153846156 0.07692307692307693 0.13341346153846154
266 0.359375 0.4362980769230769 0.07572115384615384 0.12259615384615384
266 0.36538461538461536 0.5552884615384616 0.06850961538461539 0.10817307692307693
266 0.3701923076923077 0.6634615384615384 0.06610576923076923 0.0985576923076923
266 0.375 0.7644230769230769 0.06129807692307692 0.09134615384615384
266 0.5180288461538461 0.78125 0.06490384615384616 0.09014423076923077
260 0.5204326923076923 0.6778846153846154 0.06610576923076923 0.10336538461538461
323 0.38461538461538464 0.9447115384615384 0.042067307692307696 0.06850961538461539
323 0.5168269230769231 0.9663461538461539 0.04326923076923077 0.0625
266 0.6646634615384616 0.7920673076923077 0.06610576923076923 0.09014423076923077
266 0.6742788461538461 0.6947115384615384 0.06971153846153846 0.09735576923076923
266 0.6826923076923077 0.5841346153846154 0.07211538461538461 0.10817307692307693
266 0.6923076923076923 0.4639423076923077 0.07572115384615384 0.11899038461538461
266 0.7043269230769231 0.3317307692307692 0.078125 0.13581730769230768
266 0.5276442307692307 0.171875 0.08413461538461539 0.1466346153846154
266 0.5252403846153846 0.3161057692307692 0.07692307692307693 0.13942307692307693
266 0.5228365384615384 0.4495192307692308 0.07451923076923077 0.11778846153846154
266 0.5216346153846154 0.5697115384615384 0.07211538461538461 0.11057692307692307