275 0.37740384615384615 0.08173076923076923 0.0829326923076923 0.06370192307692307
264 0.5516826923076923 0.0829326923076923 0.0829326923076923 0.06610576923076923
260 0.3798076923076923 0.2512019230769231 0.08533653846153846 0.05889423076923077
260 0.5492788461538461 0.2536057692307692 0.08533653846153846 0.0673076923076923
25 0.37740384615384615 0.33533653846153844 0.08774038461538461 0.06129807692307692
26 0.546875 0.33413461538461536 0.08173076923076923 0.06129807692307692
24 0.5420673076923077 0.41586538461538464 0.09134615384615384 0.06610576923076923
260 0.3786057692307692 0.41586538461538464 0.08533653846153846 0.06610576923076923
22 0.5432692307692307 0.49158653846153844 0.08774038461538461 0.06129807692307692
16 0.38100961538461536 0.49038461538461536 0.08774038461538461 0.06370192307692307
11 0.5420673076923077 0.5637019230769231 0.08774038461538461 0.05889423076923077
10 0.38100961538461536 0.5637019230769231 0.0829326923076923 0.06129807692307692
53 0.5360576923076923 0.6370192307692307 0.09014423076923077 0.05889423076923077
35 0.38100961538461536 0.6346153846153846 0.09134615384615384 0.06370192307692307
9 0.5360576923076923 0.7067307692307693 0.08533653846153846 0.05889423076923077
168 0.3798076923076923 0.7067307692307693 0.08533653846153846 0.06129807692307692