272 0.29086538461538464 0.2403846153846154 0.14903846153846154 0.09375
272 0.6574519230769231 0.26322115384615385 0.06850961538461539 0.08653846153846154
272 0.7211538461538461 0.2668269230769231 0.06971153846153846 0.08533653846153846
194 0.2860576923076923 0.5168269230769231 0.12980769230769232 0.10096153846153846
277 0.4206730769230769 0.5180288461538461 0.13341346153846154 0.09735576923076923
35 0.5504807692307693 0.5240384615384616 0.12379807692307693 0.09375
53 0.6790865384615384 0.5264423076923077 0.12740384615384615 0.09254807692307693
275 0.2824519230769231 0.7788461538461539 0.13822115384615385 0.09975961538461539
289 0.4170673076923077 0.7776442307692307 0.13221153846153846 0.10096153846153846
259 0.546875 0.7788461538461539 0.12740384615384615 0.10336538461538461
264 0.6694711538461539 0.7788461538461539 0.125 0.0985576923076923