275 0.5060096153846154 0.9026442307692307 0.03485576923076923 0.06370192307692307
264 0.546875 0.8978365384615384 0.03245192307692308 0.06370192307692307
260 0.5036057692307693 0.8317307692307693 0.03245192307692308 0.06009615384615385
110 0.5432692307692307 0.8269230769230769 0.038461538461538464 0.0625
111 0.5396634615384616 0.7608173076923077 0.03125 0.0625
113 0.5384615384615384 0.6935096153846154 0.037259615384615384 0.0625
10 0.5372596153846154 0.6262019230769231 0.03485576923076923 0.0625
11 0.5348557692307693 0.5588942307692307 0.03365384615384615 0.06129807692307692
16 0.53125 0.49278846153846156 0.03245192307692308 0.06129807692307692
22 0.5288461538461539 0.42788461538461536 0.03365384615384615 0.06129807692307692
23 0.5276442307692307 0.36177884615384615 0.03365384615384615 0.06370192307692307
266 0.5252403846153846 0.2932692307692308 0.03365384615384615 0.06129807692307692
266 0.5024038461538461 0.20192307692307693 0.03125 0.052884615384615384
259 0.4855769230769231 0.2920673076923077 0.03365384615384615 0.05889423076923077
99 0.4855769230769231 0.3629807692307692 0.03485576923076923 0.06129807692307692
85 0.49038461538461536 0.43028846153846156 0.036057692307692304 0.06129807692307692
72 0.49038461538461536 0.4963942307692308 0.03485576923076923 0.05889423076923077
53 0.49399038461538464 0.5637019230769231 0.036057692307692304 0.06490384615384616
35 0.4963942307692308 0.6322115384615384 0.03365384615384615 0.06490384615384616
152 0.49759615384615385 0.6983173076923077 0.036057692307692304 0.06490384615384616
168 0.5024038461538461 0.7668269230769231 0.036057692307692304 0.06610576923076923