10 0.5504807692307693 0.3942307692307692 0.057692307692307696 0.03245192307692308
85 0.5540865384615384 0.5685096153846154 0.057692307692307696 0.030048076923076924
113 0.5516826923076923 0.42908653846153844 0.057692307692307696 0.03245192307692308
111 0.5528846153846154 0.46274038461538464 0.05889423076923077 0.03245192307692308
110 0.5528846153846154 0.49759615384615385 0.057692307692307696 0.03245192307692308
99 0.5528846153846154 0.5324519230769231 0.056490384615384616 0.03125
72 0.5540865384615384 0.6021634615384616 0.057692307692307696 0.030048076923076924
53 0.5552884615384616 0.6358173076923077 0.057692307692307696 0.03245192307692308
35 0.5552884615384616 0.6694711538461539 0.057692307692307696 0.03365384615384615
9 0.5564903846153846 0.7067307692307693 0.055288461538461536 0.03245192307692308
120 0.5576923076923077 0.7403846153846154 0.054086538461538464 0.030048076923076924
330 0.5504807692307693 0.3233173076923077 0.057692307692307696 0.03245192307692308
323 0.5504807692307693 0.28846153846153844 0.057692307692307696 0.03125
266 0.5625 0.14182692307692307 0.019230769230769232 0.021634615384615384
263 0.5324519230769231 0.140625 0.025240384615384616 0.03125