99 0.38461538461538464 0.27163461538461536 0.1502403846153846 0.18509615384615385
85 0.5661057692307693 0.3473557692307692 0.109375 0.15625
72 0.4026442307692308 0.4411057692307692 0.13942307692307693 0.17668269230769232
53 0.5721153846153846 0.4891826923076923 0.10336538461538461 0.15384615384615385
35 0.4206730769230769 0.5949519230769231 0.1310096153846154 0.17668269230769232
9 0.578125 0.6141826923076923 0.09975961538461539 0.1502403846153846
253 0.4362980769230769 0.7283653846153846 0.1201923076923077 0.16466346153846154
152 0.5817307692307693 0.7247596153846154 0.0889423076923077 0.13701923076923078
177 0.4495192307692308 0.8425480769230769 0.11298076923076923 0.15625
259 0.6442307692307693 0.8149038461538461 0.0829326923076923 0.12860576923076922
260 0.5336538461538461 0.9254807692307693 0.0889423076923077 0.14182692307692307