259 0.4951923076923077 0.19110576923076922 0.038461538461538464 0.07692307692307693
275 0.453125 0.29447115384615385 0.040865384615384616 0.0733173076923077
264 0.5360576923076923 0.2980769230769231 0.036057692307692304 0.06610576923076923
24 0.4519230769230769 0.39663461538461536 0.037259615384615384 0.06850961538461539
266 0.5348557692307693 0.4014423076923077 0.039663461538461536 0.06850961538461539
23 0.4519230769230769 0.4807692307692308 0.037259615384615384 0.06490384615384616
36 0.5324519230769231 0.48197115384615385 0.038461538461538464 0.06850961538461539
28 0.5324519230769231 0.5661057692307693 0.037259615384615384 0.06610576923076923
26 0.53125 0.6490384615384616 0.037259615384615384 0.06850961538461539
25 0.53125 0.7271634615384616 0.039663461538461536 0.06610576923076923
22 0.45072115384615385 0.5661057692307693 0.038461538461538464 0.06610576923076923
16 0.4519230769230769 0.6466346153846154 0.037259615384615384 0.06850961538461539
9 0.4519230769230769 0.7283653846153846 0.038461538461538464 0.06490384615384616