229 0.4795673076923077 0.038461538461538464 0.038461538461538464 0.06490384615384616
38 0.5625 0.10697115384615384 0.03485576923076923 0.05889423076923077
37 0.5216346153846154 0.11298076923076923 0.03365384615384615 0.06490384615384616
36 0.4807692307692308 0.11778846153846154 0.03485576923076923 0.06129807692307692
28 0.4831730769230769 0.1971153846153846 0.036057692307692304 0.05889423076923077
26 0.5649038461538461 0.25841346153846156 0.03245192307692308 0.06129807692307692
25 0.5252403846153846 0.2668269230769231 0.03365384615384615 0.0625
24 0.48677884615384615 0.2704326923076923 0.03485576923076923 0.06009615384615385
23 0.5661057692307693 0.33052884615384615 0.03245192307692308 0.06129807692307692
22 0.5276442307692307 0.33653846153846156 0.03245192307692308 0.06009615384615385
16 0.4891826923076923 0.3449519230769231 0.03485576923076923 0.06009615384615385
11 0.5673076923076923 0.40024038461538464 0.03125 0.06009615384615385
10 0.5288461538461539 0.4074519230769231 0.03245192307692308 0.057692307692307696
113 0.49158653846153844 0.4170673076923077 0.03245192307692308 0.057692307692307696
85 0.49399038461538464 0.4831730769230769 0.03125 0.056490384615384616
72 0.4963942307692308 0.5516826923076923 0.03125 0.05889423076923077
260 0.49759615384615385 0.6153846153846154 0.03245192307692308 0.04927884615384615
260 0.5012019230769231 0.6790865384615384 0.028846153846153848 0.056490384615384616
9 0.5012019230769231 0.7391826923076923 0.03245192307692308 0.046875
260 0.5084134615384616 0.9182692307692307 0.028846153846153848 0.052884615384615384
260 0.5757211538461539 0.8942307692307693 0.030048076923076924 0.05048076923076923
260 0.7487980769230769 0.8317307692307693 0.025240384615384616 0.05048076923076923
365 0.7584134615384616 0.3581730769230769 0.028846153846153848 0.05048076923076923
365 0.7896634615384616 0.34975961538461536 0.025240384615384616 0.056490384615384616
365 0.7920673076923077 0.28365384615384615 0.025240384615384616 0.04927884615384615
365 0.7584134615384616 0.2920673076923077 0.027644230769230768 0.055288461538461536
365 0.7920673076923077 0.21514423076923078 0.026442307692307692 0.052884615384615384
365 0.7596153846153846 0.22355769230769232 0.028846153846153848 0.05889423076923077
365 0.7632211538461539 0.078125 0.028846153846153848 0.057692307692307696
365 0.7956730769230769 0.07451923076923077 0.02403846153846154 0.056490384615384616