291 0.45072115384615385 0.3894230769230769 0.03485576923076923 0.027644230769230768
323 0.5625 0.38822115384615385 0.037259615384615384 0.03365384615384615
366 0.5612980769230769 0.43990384615384615 0.03485576923076923 0.025240384615384616
266 0.4519230769230769 0.4423076923076923 0.03485576923076923 0.025240384615384616
275 0.4519230769230769 0.49399038461538464 0.042067307692307696 0.03365384615384615
266 0.5600961538461539 0.49158653846153844 0.040865384615384616 0.03365384615384615
85 0.4579326923076923 0.5504807692307693 0.03245192307692308 0.026442307692307692
10 0.5516826923076923 0.546875 0.030048076923076924 0.026442307692307692
113 0.5504807692307693 0.5805288461538461 0.030048076923076924 0.025240384615384616
111 0.5504807692307693 0.6141826923076923 0.03125 0.027644230769230768
110 0.5504807692307693 0.6478365384615384 0.03125 0.027644230769230768
99 0.5492788461538461 0.6802884615384616 0.03125 0.026442307692307692
72 0.45913461538461536 0.5853365384615384 0.03245192307692308 0.025240384615384616
53 0.45913461538461536 0.6189903846153846 0.03125 0.026442307692307692
35 0.45913461538461536 0.6526442307692307 0.03125 0.025240384615384616
9 0.45913461538461536 0.6862980769230769 0.03125 0.025240384615384616
266 0.45913461538461536 0.71875 0.03125 0.026442307692307692
141 0.453125 0.8100961538461539 0.03125 0.026442307692307692
359 0.5024038461538461 0.8064903846153846 0.030048076923076924 0.027644230769230768
256 0.5540865384615384 0.8016826923076923 0.027644230769230768 0.02403846153846154