59 0.5576923076923077 0.12740384615384615 0.08413461538461539 0.14182692307692307
57 0.4254807692307692 0.13822115384615385 0.08533653846153846 0.14783653846153846
56 0.2920673076923077 0.14783653846153846 0.08173076923076923 0.14302884615384615
55 0.5600961538461539 0.3137019230769231 0.0829326923076923 0.14543269230769232
54 0.43149038461538464 0.32572115384615385 0.08173076923076923 0.14543269230769232
47 0.30288461538461536 0.3389423076923077 0.08173076923076923 0.13822115384615385
46 0.5649038461538461 0.4891826923076923 0.07451923076923077 0.12980769230769232
44 0.4375 0.5060096153846154 0.078125 0.1310096153846154
43 0.31009615384615385 0.5144230769230769 0.07932692307692307 0.1310096153846154
42 0.5685096153846154 0.6610576923076923 0.07451923076923077 0.13822115384615385
41 0.44350961538461536 0.6730769230769231 0.078125 0.13701923076923078
39 0.3161057692307692 0.6935096153846154 0.07932692307692307 0.1346153846153846
38 0.5757211538461539 0.8329326923076923 0.07572115384615384 0.13221153846153846
260 0.4483173076923077 0.8377403846153846 0.06971153846153846 0.11899038461538461
36 0.3245192307692308 0.8605769230769231 0.078125 0.12860576923076922