47 0.16706730769230768 0.14903846153846154 0.1935096153846154 0.08533653846153846
227 0.8365384615384616 0.15144230769230768 0.19831730769230768 0.08173076923076923
228 0.6153846153846154 0.14903846153846154 0.20072115384615385 0.09014423076923077
54 0.3918269230769231 0.1466346153846154 0.19951923076923078 0.0829326923076923
46 0.828125 0.24759615384615385 0.18990384615384615 0.07932692307692307
44 0.6081730769230769 0.24639423076923078 0.1971153846153846 0.08052884615384616
43 0.3942307692307692 0.2439903846153846 0.19591346153846154 0.08173076923076923
42 0.1778846153846154 0.24639423076923078 0.19591346153846154 0.08533653846153846
39 0.8161057692307693 0.34134615384615385 0.18269230769230768 0.0829326923076923
38 0.6081730769230769 0.33774038461538464 0.18990384615384615 0.07692307692307693
37 0.39783653846153844 0.33774038461538464 0.19230769230769232 0.08052884615384616
36 0.18509615384615385 0.3389423076923077 0.18990384615384615 0.078125
28 0.8088942307692307 0.42788461538461536 0.18389423076923078 0.078125
26 0.6033653846153846 0.4266826923076923 0.18389423076923078 0.07451923076923077
25 0.40024038461538464 0.42788461538461536 0.18389423076923078 0.07451923076923077
24 0.19471153846153846 0.42788461538461536 0.18629807692307693 0.06971153846153846
23 0.7980769230769231 0.5096153846153846 0.17427884615384615 0.07211538461538461
16 0.6021634615384616 0.5072115384615384 0.1814903846153846 0.0673076923076923
11 0.4014423076923077 0.5108173076923077 0.17908653846153846 0.07211538461538461
10 0.20552884615384615 0.5072115384615384 0.18028846153846154 0.07091346153846154
113 0.7896634615384616 0.5877403846153846 0.1658653846153846 0.0673076923076923
111 0.5985576923076923 0.5853365384615384 0.17067307692307693 0.06610576923076923
110 0.40625 0.5865384615384616 0.17067307692307693 0.06850961538461539
99 0.21634615384615385 0.5841346153846154 0.171875 0.06370192307692307
85 0.78125 0.6586538461538461 0.16826923076923078 0.06129807692307692
53 0.59375 0.6574519230769231 0.16466346153846154 0.06370192307692307
35 0.40865384615384615 0.6586538461538461 0.16947115384615385 0.06009615384615385
281 0.2247596153846154 0.6598557692307693 0.16826923076923078 0.05889423076923077
195 0.6790865384615384 0.7247596153846154 0.15985576923076922 0.05889423076923077
202 0.5012019230769231 0.7223557692307693 0.15745192307692307 0.051682692307692304
206 0.32091346153846156 0.7235576923076923 0.15985576923076922 0.055288461538461536
264 0.5877403846153846 0.7872596153846154 0.15504807692307693 0.055288461538461536
275 0.41586538461538464 0.7860576923076923 0.15865384615384615 0.056490384615384616
259 0.4182692307692308 0.8425480769230769 0.14783653846153846 0.055288461538461536
289 0.5853365384615384 0.84375 0.15384615384615385 0.04927884615384615