266 0.43990384615384615 0.46274038461538464 0.042067307692307696 0.037259615384615384
266 0.5444711538461539 0.6478365384615384 0.04447115384615385 0.03485576923076923
266 0.5444711538461539 0.6899038461538461 0.04447115384615385 0.03365384615384615
266 0.4387019230769231 0.6802884615384616 0.04326923076923077 0.036057692307692304
266 0.5432692307692307 0.7367788461538461 0.04807692307692308 0.038461538461538464
260 0.34134615384615385 0.5853365384615384 0.03365384615384615 0.03365384615384615
266 0.3425480769230769 0.6274038461538461 0.037259615384615384 0.03245192307692308
260 0.34134615384615385 0.4567307692307692 0.038461538461538464 0.03485576923076923
366 0.5480769230769231 0.4651442307692308 0.039663461538461536 0.037259615384615384
259 0.43990384615384615 0.5060096153846154 0.039663461538461536 0.03365384615384615
264 0.5444711538461539 0.5120192307692307 0.04807692307692308 0.036057692307692304
142 0.3389423076923077 0.5024038461538461 0.042067307692307696 0.03485576923076923
35 0.4387019230769231 0.59375 0.04567307692307692 0.037259615384615384
9 0.4362980769230769 0.6394230769230769 0.042067307692307696 0.036057692307692304
366 0.33774038461538464 0.7115384615384616 0.038461538461538464 0.036057692307692304
272 0.4362980769230769 0.7235576923076923 0.027644230769230768 0.021634615384615384
272 0.4423076923076923 0.8040865384615384 0.042067307692307696 0.038461538461538464
266 0.5396634615384616 0.8197115384615384 0.04326923076923077 0.036057692307692304
266 0.34134615384615385 0.7896634615384616 0.04326923076923077 0.036057692307692304