273 0.47596153846153844 0.2403846153846154 0.125 0.10216346153846154
365 0.44711538461538464 0.4495192307692308 0.03245192307692308 0.03365384615384615
365 0.5096153846153846 0.45072115384615385 0.030048076923076924 0.03125
259 0.48197115384615385 0.5144230769230769 0.03365384615384615 0.026442307692307692
20 0.5108173076923077 0.6045673076923077 0.03485576923076923 0.039663461538461536
11 0.4495192307692308 0.609375 0.037259615384615384 0.037259615384615384
113 0.5108173076923077 0.6670673076923077 0.036057692307692304 0.036057692307692304
110 0.4483173076923077 0.6766826923076923 0.036057692307692304 0.037259615384615384
85 0.5120192307692307 0.7307692307692307 0.03365384615384615 0.036057692307692304
53 0.4483173076923077 0.7451923076923077 0.036057692307692304 0.038461538461538464
9 0.5120192307692307 0.7956730769230769 0.03365384615384615 0.037259615384615384
152 0.4483173076923077 0.8125 0.040865384615384616 0.038461538461538464
275 0.4495192307692308 0.9110576923076923 0.040865384615384616 0.038461538461538464
264 0.5108173076923077 0.8894230769230769 0.038461538461538464 0.038461538461538464