24 0.5877403846153846 0.16947115384615385 0.1502403846153846 0.15985576923076922
23 0.41586538461538464 0.1622596153846154 0.15745192307692307 0.15384615384615385
22 0.5829326923076923 0.3088942307692308 0.1502403846153846 0.14423076923076922
16 0.4182692307692308 0.3016826923076923 0.14903846153846154 0.13701923076923078
11 0.5769230769230769 0.42788461538461536 0.13701923076923078 0.12740384615384615
10 0.42427884615384615 0.4266826923076923 0.14543269230769232 0.13341346153846154
113 0.5661057692307693 0.5360576923076923 0.12379807692307693 0.11057692307692307
111 0.4206730769230769 0.5432692307692307 0.12860576923076922 0.11057692307692307
110 0.5612980769230769 0.6370192307692307 0.1201923076923077 0.09975961538461539
191 0.42427884615384615 0.6442307692307693 0.12379807692307693 0.1045673076923077
156 0.5564903846153846 0.7307692307692307 0.11778846153846154 0.09375
264 0.5480769230769231 0.8882211538461539 0.11057692307692307 0.09014423076923077
275 0.4230769230769231 0.8990384615384616 0.13701923076923078 0.09014423076923077