260 0.5252403846153846 0.39903846153846156 0.03485576923076923 0.06610576923076923
35 0.5288461538461539 0.47475961538461536 0.03125 0.06490384615384616
187 0.5300480769230769 0.5504807692307693 0.03485576923076923 0.06370192307692307
9 0.5336538461538461 0.6201923076923077 0.03485576923076923 0.06370192307692307
365 0.4723557692307692 0.7283653846153846 0.03485576923076923 0.05889423076923077
275 0.5144230769230769 0.7199519230769231 0.03485576923076923 0.05889423076923077
275 0.5576923076923077 0.7079326923076923 0.03485576923076923 0.05889423076923077
264 0.5997596153846154 0.6959134615384616 0.03485576923076923 0.05889423076923077
272 0.6033653846153846 0.8245192307692307 0.03485576923076923 0.05889423076923077
272 0.5612980769230769 0.8329326923076923 0.03485576923076923 0.05889423076923077
272 0.5192307692307693 0.8449519230769231 0.03485576923076923 0.05889423076923077
272 0.47836538461538464 0.8581730769230769 0.03485576923076923 0.05889423076923077
9 0.75 0.5697115384615384 0.03125 0.056490384615384616
266 0.6923076923076923 0.6742788461538461 0.03125 0.056490384615384616
266 0.7319711538461539 0.6634615384615384 0.03125 0.056490384615384616
266 0.7716346153846154 0.6538461538461539 0.03125 0.056490384615384616
266 0.8088942307692307 0.6466346153846154 0.03125 0.056490384615384616
266 0.7487980769230769 0.359375 0.03125 0.0625
266 0.7475961538461539 0.43149038461538464 0.03125 0.0625
266 0.7475961538461539 0.5012019230769231 0.03125 0.0625
266 0.8112980769230769 0.7692307692307693 0.030048076923076924 0.056490384615384616
266 0.7728365384615384 0.7764423076923077 0.030048076923076924 0.056490384615384616