366 0.5228365384615384 0.11177884615384616 0.039663461538461536 0.036057692307692304
265 0.5228365384615384 0.16706730769230768 0.039663461538461536 0.036057692307692304
111 0.4807692307692308 0.22235576923076922 0.039663461538461536 0.037259615384615384
110 0.4807692307692308 0.27884615384615385 0.038461538461538464 0.036057692307692304
99 0.48197115384615385 0.33533653846153844 0.039663461538461536 0.03245192307692308
366 0.5144230769230769 0.7860576923076923 0.040865384615384616 0.06490384615384616
266 0.49158653846153844 0.9615384615384616 0.03245192307692308 0.05889423076923077
266 0.5408653846153846 0.9543269230769231 0.03245192307692308 0.05889423076923077
111 0.5240384615384616 0.22235576923076922 0.039663461538461536 0.037259615384615384
110 0.5252403846153846 0.27884615384615385 0.038461538461538464 0.036057692307692304
99 0.5252403846153846 0.33533653846153844 0.039663461538461536 0.03245192307692308
85 0.484375 0.38822115384615385 0.039663461538461536 0.03245192307692308
85 0.5276442307692307 0.38822115384615385 0.039663461538461536 0.03245192307692308
72 0.484375 0.4423076923076923 0.039663461538461536 0.03245192307692308
72 0.5276442307692307 0.4423076923076923 0.039663461538461536 0.03245192307692308
53 0.4855769230769231 0.4963942307692308 0.039663461538461536 0.03245192307692308
53 0.5288461538461539 0.4963942307692308 0.039663461538461536 0.03245192307692308
35 0.48677884615384615 0.5528846153846154 0.039663461538461536 0.03245192307692308
35 0.5288461538461539 0.5516826923076923 0.039663461538461536 0.03245192307692308
9 0.4891826923076923 0.6045673076923077 0.039663461538461536 0.03365384615384615
9 0.53125 0.6033653846153846 0.039663461538461536 0.03365384615384615
366 0.47836538461538464 0.11177884615384616 0.039663461538461536 0.036057692307692304
265 0.47836538461538464 0.1658653846153846 0.039663461538461536 0.037259615384615384