260 0.3137019230769231 0.12860576923076922 0.06971153846153846 0.13581730769230768
53 0.32211538461538464 0.2932692307692308 0.06971153846153846 0.12740384615384615
266 0.328125 0.4495192307692308 0.0673076923076923 0.1201923076923077
260 0.33413461538461536 0.5961538461538461 0.06490384615384616 0.1141826923076923
123 0.3389423076923077 0.7367788461538461 0.06490384615384616 0.109375
266 0.3449519230769231 0.8966346153846154 0.0625 0.1045673076923077
72 0.5901442307692307 0.2956730769230769 0.07572115384615384 0.13581730769230768
35 0.5889423076923077 0.45913461538461536 0.0733173076923077 0.12620192307692307
120 0.5889423076923077 0.6141826923076923 0.07211538461538461 0.12139423076923077
122 0.5877403846153846 0.7608173076923077 0.06971153846153846 0.11778846153846154
264 0.5865384615384616 0.9278846153846154 0.06610576923076923 0.109375