260 0.3954326923076923 0.5564903846153846 0.027644230769230768 0.04807692307692308
72 0.43990384615384615 0.7860576923076923 0.026442307692307692 0.04807692307692308
10 0.4423076923076923 0.5576923076923077 0.027644230769230768 0.04927884615384615
110 0.3942307692307692 0.6322115384615384 0.028846153846153848 0.051682692307692304
111 0.4423076923076923 0.6346153846153846 0.025240384615384616 0.046875
85 0.39302884615384615 0.7091346153846154 0.025240384615384616 0.04567307692307692
99 0.4411057692307692 0.7103365384615384 0.027644230769230768 0.04567307692307692
254 0.39302884615384615 0.7872596153846154 0.028846153846153848 0.04807692307692308
152 0.39302884615384615 0.8641826923076923 0.026442307692307692 0.04567307692307692
168 0.4387019230769231 0.8629807692307693 0.025240384615384616 0.04447115384615385
259 0.36778846153846156 0.9447115384615384 0.027644230769230768 0.04567307692307692
275 0.41466346153846156 0.9447115384615384 0.030048076923076924 0.05048076923076923
264 0.46153846153846156 0.9459134615384616 0.027644230769230768 0.05048076923076923
365 0.0829326923076923 0.5516826923076923 0.027644230769230768 0.04927884615384615
365 0.1346153846153846 0.5516826923076923 0.03125 0.05048076923076923
111 0.08413461538461539 0.6310096153846154 0.030048076923076924 0.04927884615384615
365 0.1346153846153846 0.6310096153846154 0.03125 0.052884615384615384
365 0.08413461538461539 0.7091346153846154 0.03125 0.05048076923076923
365 0.13581730769230768 0.7079326923076923 0.03125 0.051682692307692304
365 0.08413461538461539 0.7908653846153846 0.027644230769230768 0.04807692307692308
365 0.13581730769230768 0.7860576923076923 0.028846153846153848 0.04927884615384615
365 0.08653846153846154 0.8677884615384616 0.025240384615384616 0.04447115384615385
365 0.13701923076923078 0.8641826923076923 0.028846153846153848 0.046875
264 0.0625 0.9495192307692307 0.027644230769230768 0.04807692307692308
275 0.11177884615384616 0.9495192307692307 0.028846153846153848 0.046875
259 0.16346153846153846 0.9471153846153846 0.027644230769230768 0.04326923076923077