365 0.4963942307692308 0.13581730769230768 0.027644230769230768 0.04807692307692308
259 0.5661057692307693 0.13942307692307693 0.028846153846153848 0.04447115384615385
38 0.49759615384615385 0.2848557692307692 0.025240384615384616 0.04447115384615385
46 0.53125 0.2848557692307692 0.025240384615384616 0.04447115384615385
57 0.5649038461538461 0.2848557692307692 0.025240384615384616 0.04447115384615385
56 0.5661057692307693 0.3329326923076923 0.025240384615384616 0.04447115384615385
55 0.5661057692307693 0.38100961538461536 0.025240384615384616 0.04447115384615385
43 0.5324519230769231 0.3858173076923077 0.025240384615384616 0.04447115384615385
44 0.5324519230769231 0.33653846153846156 0.025240384615384616 0.04447115384615385
37 0.4987980769230769 0.33413461538461536 0.025240384615384616 0.04447115384615385
36 0.4987980769230769 0.38461538461538464 0.025240384615384616 0.04447115384615385
28 0.49759615384615385 0.43149038461538464 0.025240384615384616 0.04447115384615385
35 0.4987980769230769 0.4807692307692308 0.025240384615384616 0.04447115384615385
9 0.5 0.5300480769230769 0.02403846153846154 0.04447115384615385
41 0.5324519230769231 0.4795673076923077 0.025240384615384616 0.04447115384615385
47 0.5661057692307693 0.4807692307692308 0.025240384615384616 0.04447115384615385
39 0.5324519230769231 0.5276442307692307 0.025240384615384616 0.04447115384615385
54 0.5661057692307693 0.4326923076923077 0.025240384615384616 0.04447115384615385
42 0.5324519230769231 0.43149038461538464 0.025240384615384616 0.04447115384615385
264 0.5661057692307693 0.6069711538461539 0.025240384615384616 0.04447115384615385
275 0.5 0.609375 0.025240384615384616 0.04447115384615385