266 0.4050480769230769 0.2536057692307692 0.028846153846153848 0.020432692307692308
266 0.4098557692307692 0.3918269230769231 0.042067307692307696 0.030048076923076924
266 0.47716346153846156 0.390625 0.04447115384615385 0.027644230769230768
110 0.4098557692307692 0.47836538461538464 0.042067307692307696 0.028846153846153848
99 0.4098557692307692 0.5132211538461539 0.042067307692307696 0.027644230769230768
85 0.4098557692307692 0.5480769230769231 0.042067307692307696 0.028846153846153848
72 0.4098557692307692 0.5805288461538461 0.042067307692307696 0.028846153846153848
53 0.4110576923076923 0.6141826923076923 0.039663461538461536 0.027644230769230768
35 0.4098557692307692 0.6490384615384616 0.037259615384615384 0.028846153846153848
9 0.4110576923076923 0.6814903846153846 0.042067307692307696 0.030048076923076924
22 0.47716346153846156 0.44471153846153844 0.04447115384615385 0.027644230769230768
20 0.47716346153846156 0.4807692307692308 0.04326923076923077 0.028846153846153848
16 0.47716346153846156 0.5168269230769231 0.04447115384615385 0.028846153846153848
11 0.47716346153846156 0.5516826923076923 0.04326923076923077 0.027644230769230768
10 0.47716346153846156 0.5865384615384616 0.04447115384615385 0.027644230769230768
113 0.47596153846153844 0.6213942307692307 0.042067307692307696 0.027644230769230768
111 0.47716346153846156 0.65625 0.042067307692307696 0.03245192307692308
272 0.44350961538461536 0.7632211538461539 0.020432692307692308 0.018028846153846152