259 0.30528846153846156 0.359375 0.0625 0.08173076923076923
275 0.2283653846153846 0.6298076923076923 0.055288461538461536 0.07091346153846154
264 0.31850961538461536 0.6262019230769231 0.056490384615384616 0.07211538461538461
24 0.421875 0.5012019230769231 0.054086538461538464 0.07091346153846154
25 0.48677884615384615 0.5012019230769231 0.054086538461538464 0.0733173076923077
26 0.5504807692307693 0.5012019230769231 0.051682692307692304 0.07451923076923077
28 0.6129807692307693 0.5 0.054086538461538464 0.07451923076923077
36 0.6790865384615384 0.5012019230769231 0.054086538461538464 0.0733173076923077
37 0.7427884615384616 0.5012019230769231 0.056490384615384616 0.07451923076923077
38 0.8064903846153846 0.4987980769230769 0.055288461538461536 0.07451923076923077
39 0.8701923076923077 0.5 0.057692307692307696 0.07451923076923077
111 0.42427884615384615 0.6237980769230769 0.054086538461538464 0.07451923076923077
113 0.4855769230769231 0.6213942307692307 0.054086538461538464 0.07211538461538461
10 0.546875 0.6213942307692307 0.054086538461538464 0.0733173076923077
11 0.609375 0.6213942307692307 0.052884615384615384 0.07211538461538461
16 0.671875 0.6213942307692307 0.054086538461538464 0.06971153846153846
20 0.734375 0.6213942307692307 0.052884615384615384 0.06850961538461539
22 0.796875 0.6201923076923077 0.052884615384615384 0.06971153846153846
23 0.8581730769230769 0.6201923076923077 0.052884615384615384 0.06850961538461539
152 0.42427884615384615 0.7379807692307693 0.055288461538461536 0.07091346153846154
9 0.48677884615384615 0.7355769230769231 0.052884615384615384 0.0673076923076923
35 0.546875 0.7367788461538461 0.052884615384615384 0.06971153846153846
53 0.6069711538461539 0.7355769230769231 0.052884615384615384 0.06610576923076923
72 0.6670673076923077 0.7355769230769231 0.052884615384615384 0.0673076923076923
85 0.7283653846153846 0.7355769230769231 0.054086538461538464 0.06610576923076923
99 0.7872596153846154 0.734375 0.055288461538461536 0.06850961538461539
110 0.8473557692307693 0.7331730769230769 0.054086538461538464 0.06610576923076923
131 0.890625 0.1971153846153846 0.1141826923076923 0.16346153846153846