111 0.40024038461538464 0.2956730769230769 0.12139423076923077 0.030048076923076924
110 0.40024038461538464 0.3269230769230769 0.12139423076923077 0.030048076923076924
99 0.40024038461538464 0.359375 0.12139423076923077 0.030048076923076924
85 0.4014423076923077 0.390625 0.12139423076923077 0.030048076923076924
53 0.40024038461538464 0.421875 0.12139423076923077 0.030048076923076924
35 0.39903846153846156 0.45552884615384615 0.12139423076923077 0.030048076923076924
350 0.40024038461538464 0.4891826923076923 0.12139423076923077 0.030048076923076924
177 0.4026442307692308 0.5228365384615384 0.12139423076923077 0.030048076923076924
194 0.39903846153846156 0.5588942307692307 0.12139423076923077 0.030048076923076924
275 0.6262019230769231 0.45913461538461536 0.10817307692307693 0.03125
264 0.625 0.5132211538461539 0.10817307692307693 0.03125