22 0.4891826923076923 0.04326923076923077 0.042067307692307696 0.0733173076923077
16 0.49158653846153844 0.12379807692307693 0.04447115384615385 0.06850961538461539
11 0.49158653846153844 0.20432692307692307 0.042067307692307696 0.06850961538461539
10 0.49399038461538464 0.2824519230769231 0.042067307692307696 0.0673076923076923
53 0.4951923076923077 0.3581730769230769 0.039663461538461536 0.0673076923076923
35 0.4963942307692308 0.4326923076923077 0.039663461538461536 0.06850961538461539
9 0.4987980769230769 0.5060096153846154 0.039663461538461536 0.06610576923076923
168 0.4987980769230769 0.5769230769230769 0.039663461538461536 0.0673076923076923
152 0.4987980769230769 0.6490384615384616 0.039663461538461536 0.06490384615384616
42 0.5673076923076923 0.04326923076923077 0.042067307692307696 0.0673076923076923
41 0.5685096153846154 0.12259615384615384 0.042067307692307696 0.06971153846153846
39 0.5697115384615384 0.20072115384615385 0.042067307692307696 0.06370192307692307
275 0.5024038461538461 0.7692307692307693 0.039663461538461536 0.06490384615384616
264 0.5733173076923077 0.7548076923076923 0.038461538461538464 0.06610576923076923