365 0.4699519230769231 0.12860576923076922 0.140625 0.11057692307692307
259 0.46634615384615385 0.37259615384615385 0.05889423076923077 0.046875
20 0.40625 0.44350961538461536 0.057692307692307696 0.04447115384615385
22 0.5240384615384616 0.44471153846153844 0.05889423076923077 0.04447115384615385
11 0.40625 0.5036057692307693 0.05889423076923077 0.04567307692307692
16 0.5228365384615384 0.5048076923076923 0.057692307692307696 0.04447115384615385
113 0.4050480769230769 0.5625 0.056490384615384616 0.04447115384615385
10 0.5204326923076923 0.5625 0.057692307692307696 0.04326923076923077
110 0.4050480769230769 0.6201923076923077 0.057692307692307696 0.04447115384615385
111 0.5192307692307693 0.6201923076923077 0.055288461538461536 0.04326923076923077
85 0.40384615384615385 0.6778846153846154 0.056490384615384616 0.04326923076923077
99 0.5192307692307693 0.6778846153846154 0.057692307692307696 0.042067307692307696
53 0.40384615384615385 0.7355769230769231 0.056490384615384616 0.042067307692307696
72 0.5168269230769231 0.7331730769230769 0.054086538461538464 0.042067307692307696
152 0.40384615384615385 0.7908653846153846 0.056490384615384616 0.04326923076923077
35 0.515625 0.7896634615384616 0.056490384615384616 0.042067307692307696
275 0.4014423076923077 0.8557692307692307 0.056490384615384616 0.04326923076923077
264 0.5132211538461539 0.8533653846153846 0.055288461538461536 0.04326923076923077
273 0.4675480769230769 0.2800480769230769 0.11177884615384616 0.06490384615384616