41 0.24158653846153846 0.33653846153846156 0.18269230769230768 0.15985576923076922
42 0.4206730769230769 0.3269230769230769 0.18028846153846154 0.1622596153846154
43 0.5961538461538461 0.3161057692307692 0.171875 0.15625
37 0.2439903846153846 0.4831730769230769 0.17908653846153846 0.14543269230769232
38 0.4230769230769231 0.4723557692307692 0.18028846153846154 0.1622596153846154
39 0.5961538461538461 0.4651442307692308 0.17307692307692307 0.15625
26 0.2512019230769231 0.6262019230769231 0.17427884615384615 0.13942307692307693
28 0.421875 0.6189903846153846 0.18028846153846154 0.15384615384615385
36 0.5973557692307693 0.6033653846153846 0.171875 0.14783653846153846
23 0.25600961538461536 0.765625 0.171875 0.14423076923076922
24 0.4254807692307692 0.7572115384615384 0.17668269230769232 0.14423076923076922
25 0.5973557692307693 0.7487980769230769 0.171875 0.15264423076923078
11 0.26322115384615385 0.8954326923076923 0.16466346153846154 0.13341346153846154
16 0.42788461538461536 0.8918269230769231 0.17067307692307693 0.13701923076923078
22 0.5997596153846154 0.8858173076923077 0.1658653846153846 0.13701923076923078