275 0.17427884615384615 0.8317307692307693 0.08052884615384616 0.11057692307692307
264 0.27283653846153844 0.7992788461538461 0.07091346153846154 0.10576923076923077
9 0.4050480769230769 0.7548076923076923 0.0625 0.10576923076923077
35 0.4723557692307692 0.7355769230769231 0.05889423076923077 0.1045673076923077
53 0.5348557692307693 0.7151442307692307 0.06129807692307692 0.10216346153846154
72 0.5949519230769231 0.6947115384615384 0.06009615384615385 0.10216346153846154
85 0.6502403846153846 0.6766826923076923 0.06129807692307692 0.1045673076923077
99 0.7055288461538461 0.65625 0.05889423076923077 0.09975961538461539
110 0.7548076923076923 0.6370192307692307 0.054086538461538464 0.09615384615384616
111 0.8016826923076923 0.6201923076923077 0.054086538461538464 0.09014423076923077
113 0.8461538461538461 0.6057692307692307 0.04927884615384615 0.08533653846153846
365 0.40384615384615385 0.9170673076923077 0.05889423076923077 0.09134615384615384
365 0.4675480769230769 0.8954326923076923 0.055288461538461536 0.09134615384615384
365 0.5264423076923077 0.8725961538461539 0.051682692307692304 0.09134615384615384
365 0.5805288461538461 0.8509615384615384 0.051682692307692304 0.08533653846153846
365 0.6346153846153846 0.828125 0.054086538461538464 0.09014423076923077
365 0.6862980769230769 0.8064903846153846 0.04807692307692308 0.07932692307692307
131 0.5853365384615384 0.24278846153846154 0.06009615384615385 0.10216346153846154
263 0.90625 0.20673076923076922 0.0673076923076923 0.12139423076923077
273 0.1875 0.3016826923076923 0.13822115384615385 0.15865384615384615
273 0.20793269230769232 0.6213942307692307 0.18870192307692307 0.16706730769230768