273 0.35697115384615385 0.17307692307692307 0.19951923076923078 0.046875
259 0.3161057692307692 0.5336538461538461 0.03485576923076923 0.026442307692307692
85 0.41225961538461536 0.6382211538461539 0.03485576923076923 0.027644230769230768
72 0.41225961538461536 0.6682692307692307 0.03245192307692308 0.02403846153846154
53 0.41225961538461536 0.6971153846153846 0.03365384615384615 0.026442307692307692
35 0.3137019230769231 0.640625 0.03245192307692308 0.02403846153846154
9 0.3137019230769231 0.6694711538461539 0.03245192307692308 0.02403846153846154
8 0.3137019230769231 0.6995192307692307 0.03365384615384615 0.02403846153846154
249 0.3137019230769231 0.7307692307692307 0.03485576923076923 0.027644230769230768
134 0.41225961538461536 0.7283653846153846 0.03245192307692308 0.027644230769230768
272 0.296875 0.8653846153846154 0.03125 0.025240384615384616
272 0.3161057692307692 0.5913461538461539 0.021634615384615384 0.016826923076923076
272 0.41346153846153844 0.5901442307692307 0.02283653846153846 0.015625
291 0.36177884615384615 0.8377403846153846 0.028846153846153848 0.02403846153846154
272 0.4254807692307692 0.8641826923076923 0.03125 0.025240384615384616