272 0.3870192307692308 0.15985576923076922 0.051682692307692304 0.09375
272 0.48677884615384615 0.15985576923076922 0.051682692307692304 0.09375
291 0.38341346153846156 0.3137019230769231 0.039663461538461536 0.06850961538461539
291 0.48677884615384615 0.3137019230769231 0.039663461538461536 0.0733173076923077
72 0.38822115384615385 0.4387019230769231 0.04447115384615385 0.07572115384615384
53 0.3858173076923077 0.5588942307692307 0.04447115384615385 0.078125
260 0.48197115384615385 0.43990384615384615 0.042067307692307696 0.07932692307692307
99 0.4807692307692308 0.5612980769230769 0.042067307692307696 0.07451923076923077
35 0.3858173076923077 0.6814903846153846 0.042067307692307696 0.08052884615384616
260 0.47836538461538464 0.6850961538461539 0.04447115384615385 0.078125
9 0.38461538461538464 0.8088942307692307 0.04447115384615385 0.07572115384615384
365 0.3701923076923077 0.06370192307692307 0.038461538461538464 0.0673076923076923