273 0.28125 0.17908653846153846 0.09495192307692307 0.1658653846153846
264 0.36899038461538464 0.41466346153846156 0.056490384615384616 0.08413461538461539
275 0.27163461538461536 0.41346153846153844 0.06129807692307692 0.0889423076923077
85 0.3713942307692308 0.5432692307692307 0.052884615384615384 0.08774038461538461
72 0.3737980769230769 0.6358173076923077 0.052884615384615384 0.09014423076923077
53 0.375 0.734375 0.055288461538461536 0.0829326923076923
35 0.27524038461538464 0.5516826923076923 0.05889423076923077 0.08173076923076923
187 0.27524038461538464 0.6478365384615384 0.05889423076923077 0.09014423076923077
9 0.2764423076923077 0.7439903846153846 0.06370192307692307 0.1045673076923077
119 0.2764423076923077 0.8473557692307693 0.06490384615384616 0.09495192307692307
273 0.7235576923076923 0.21394230769230768 0.0625 0.1310096153846154
365 0.7331730769230769 0.41346153846153844 0.039663461538461536 0.07692307692307693
365 0.6670673076923077 0.4110576923076923 0.04807692307692308 0.08173076923076923
365 0.7355769230769231 0.5192307692307693 0.039663461538461536 0.0733173076923077
365 0.7355769230769231 0.6033653846153846 0.025240384615384616 0.052884615384615384
365 0.7355769230769231 0.6730769230769231 0.03485576923076923 0.07932692307692307
365 0.734375 0.7572115384615384 0.030048076923076924 0.056490384615384616
365 0.6754807692307693 0.6935096153846154 0.03365384615384615 0.06490384615384616
365 0.6742788461538461 0.6045673076923077 0.027644230769230768 0.056490384615384616
365 0.6706730769230769 0.5216346153846154 0.03245192307692308 0.0673076923076923