10 0.47716346153846156 0.22115384615384615 0.027644230769230768 0.052884615384615384
110 0.4795673076923077 0.30288461538461536 0.027644230769230768 0.052884615384615384
85 0.4831730769230769 0.38221153846153844 0.027644230769230768 0.051682692307692304
53 0.484375 0.46153846153846156 0.027644230769230768 0.051682692307692304
9 0.48677884615384615 0.5384615384615384 0.03125 0.056490384615384616
11 0.5264423076923077 0.21634615384615385 0.030048076923076924 0.056490384615384616
111 0.5276442307692307 0.3004807692307692 0.028846153846153848 0.055288461538461536
99 0.5300480769230769 0.38100961538461536 0.028846153846153848 0.052884615384615384
72 0.53125 0.46153846153846156 0.027644230769230768 0.05048076923076923
35 0.5336538461538461 0.5396634615384616 0.028846153846153848 0.052884615384615384
275 0.4891826923076923 0.6213942307692307 0.026442307692307692 0.04927884615384615
264 0.5348557692307693 0.6237980769230769 0.027644230769230768 0.051682692307692304