35 0.30288461538461536 0.2644230769230769 0.1045673076923077 0.18389423076923078
35 0.42788461538461536 0.2824519230769231 0.12620192307692307 0.22716346153846154
53 0.5697115384615384 0.28966346153846156 0.11298076923076923 0.19591346153846154
53 0.703125 0.31009615384615385 0.13822115384615385 0.23317307692307693
119 0.3088942307692308 0.5649038461538461 0.10216346153846154 0.18389423076923078
260 0.42788461538461536 0.5853365384615384 0.11899038461538461 0.20793269230769232
277 0.5564903846153846 0.59375 0.1310096153846154 0.18389423076923078
9 0.6899038461538461 0.6129807692307693 0.12980769230769232 0.20673076923076922
275 0.4338942307692308 0.8605769230769231 0.0985576923076923 0.1622596153846154
353 0.5504807692307693 0.8786057692307693 0.11899038461538461 0.1935096153846154
53 0.054086538461538464 0.12740384615384615 0.052884615384615384 0.09134615384615384
99 0.06129807692307692 0.2403846153846154 0.04927884615384615 0.08533653846153846
113 0.0673076923076923 0.34975961538461536 0.04807692307692308 0.07932692307692307
260 0.0733173076923077 0.4567307692307692 0.04807692307692308 0.07451923076923077