10 0.296875 0.18990384615384615 0.2439903846153846 0.22956730769230768
11 0.5625 0.1622596153846154 0.21875 0.22235576923076922
16 0.8185096153846154 0.13822115384615385 0.2127403846153846 0.21995192307692307
110 0.30649038461538464 0.42788461538461536 0.234375 0.21995192307692307
111 0.5637019230769231 0.39663461538461536 0.21875 0.21754807692307693
113 0.8112980769230769 0.36658653846153844 0.20192307692307693 0.21153846153846154
72 0.31490384615384615 0.6490384615384616 0.2283653846153846 0.21153846153846154
85 0.5661057692307693 0.6153846153846154 0.21153846153846154 0.20552884615384615
99 0.8052884615384616 0.5793269230769231 0.20192307692307693 0.20072115384615385
8 0.328125 0.8653846153846154 0.2439903846153846 0.22596153846153846
35 0.5673076923076923 0.8209134615384616 0.203125 0.19831730769230768
53 0.7992788461538461 0.78125 0.19471153846153846 0.1935096153846154