259 0.39663461538461536 0.16826923076923078 0.0829326923076923 0.06370192307692307
363 0.5204326923076923 0.171875 0.078125 0.06370192307692307
275 0.39783653846153844 0.2668269230769231 0.08052884615384616 0.06129807692307692
264 0.5192307692307693 0.2692307692307692 0.078125 0.06009615384615385
53 0.39783653846153844 0.3641826923076923 0.07932692307692307 0.05889423076923077
72 0.5180288461538461 0.36538461538461536 0.07692307692307693 0.057692307692307696
9 0.40024038461538464 0.45913461538461536 0.07932692307692307 0.056490384615384616
35 0.5180288461538461 0.4579326923076923 0.07572115384615384 0.055288461538461536
120 0.40024038461538464 0.5528846153846154 0.078125 0.056490384615384616
152 0.5168269230769231 0.5492788461538461 0.07572115384615384 0.055288461538461536
122 0.40024038461538464 0.6442307692307693 0.07692307692307693 0.057692307692307696
121 0.5168269230769231 0.6394230769230769 0.07451923076923077 0.055288461538461536
272 0.40024038461538464 0.7319711538461539 0.055288461538461536 0.0733173076923077
272 0.5144230769230769 0.8100961538461539 0.054086538461538464 0.06971153846153846