275 0.5552884615384616 0.171875 0.04807692307692308 0.08052884615384616
264 0.6165865384615384 0.171875 0.046875 0.08052884615384616
111 0.6165865384615384 0.29927884615384615 0.046875 0.08173076923076923
110 0.6177884615384616 0.3798076923076923 0.04927884615384615 0.07692307692307693
99 0.6177884615384616 0.46274038461538464 0.046875 0.078125
85 0.6165865384615384 0.5408653846153846 0.046875 0.078125
72 0.5552884615384616 0.38221153846153844 0.046875 0.07932692307692307
53 0.5564903846153846 0.46274038461538464 0.04807692307692308 0.07932692307692307
35 0.5576923076923077 0.5456730769230769 0.046875 0.07932692307692307
152 0.5576923076923077 0.6262019230769231 0.046875 0.07572115384615384
120 0.5576923076923077 0.7055288461538461 0.04567307692307692 0.07572115384615384
272 0.5901442307692307 0.8689903846153846 0.018028846153846152 0.03365384615384615
365 0.9086538461538461 0.6682692307692307 0.038461538461538464 0.06610576923076923