38 0.1466346153846154 0.08173076923076923 0.21875 0.10697115384615384
39 0.3762019230769231 0.0829326923076923 0.23918269230769232 0.109375
41 0.6177884615384616 0.08533653846153846 0.2439903846153846 0.1141826923076923
42 0.8569711538461539 0.09014423076923077 0.23557692307692307 0.11298076923076923
26 0.15264423076923078 0.22716346153846154 0.2247596153846154 0.10697115384615384
28 0.3786057692307692 0.22716346153846154 0.23918269230769232 0.1141826923076923
36 0.6165865384615384 0.23317307692307693 0.24158653846153846 0.11778846153846154
37 0.8497596153846154 0.23557692307692307 0.22956730769230768 0.11298076923076923
22 0.15745192307692307 0.3629807692307692 0.21875 0.109375
23 0.3762019230769231 0.3713942307692308 0.22716346153846154 0.11298076923076923
24 0.609375 0.37740384615384615 0.23918269230769232 0.11057692307692307
25 0.8401442307692307 0.38100961538461536 0.22716346153846154 0.109375
10 0.15865384615384615 0.5024038461538461 0.21634615384615385 0.1141826923076923
11 0.37740384615384615 0.5120192307692307 0.2247596153846154 0.11298076923076923
16 0.6069711538461539 0.5192307692307693 0.23557692307692307 0.11057692307692307
20 0.8401442307692307 0.5204326923076923 0.2247596153846154 0.11298076923076923
99 0.16466346153846154 0.6334134615384616 0.22115384615384615 0.11778846153846154
110 0.3786057692307692 0.6478365384615384 0.22716346153846154 0.109375
111 0.6057692307692307 0.6514423076923077 0.23076923076923078 0.11298076923076923
113 0.8329326923076923 0.65625 0.22115384615384615 0.10336538461538461
35 0.17067307692307693 0.7608173076923077 0.21634615384615385 0.11298076923076923
53 0.3786057692307692 0.7776442307692307 0.2247596153846154 0.109375
72 0.6021634615384616 0.7860576923076923 0.2247596153846154 0.11057692307692307
85 0.8257211538461539 0.7860576923076923 0.22235576923076922 0.10336538461538461
194 0.16947115384615385 0.8870192307692307 0.21033653846153846 0.11298076923076923
144 0.3786057692307692 0.9050480769230769 0.21634615384615385 0.11298076923076923
242 0.5985576923076923 0.9158653846153846 0.22235576923076922 0.10697115384615384
9 0.8185096153846154 0.9170673076923077 0.21634615384615385 0.10096153846153846