72 0.3016826923076923 0.1935096153846154 0.18389423076923078 0.1045673076923077
272 0.6658653846153846 0.19230769230769232 0.13942307692307693 0.07572115384615384
272 0.8725961538461539 0.6658653846153846 0.1622596153846154 0.09735576923076923
53 0.6526442307692307 0.33533653846153844 0.18389423076923078 0.1045673076923077
35 0.28966346153846156 0.3329326923076923 0.19110576923076922 0.10817307692307693
9 0.6394230769230769 0.4807692307692308 0.19110576923076922 0.10817307692307693
152 0.2704326923076923 0.47475961538461536 0.1875 0.10216346153846154
119 0.25841346153846156 0.6262019230769231 0.19951923076923078 0.11298076923076923
260 0.6286057692307693 0.6298076923076923 0.1875 0.11538461538461539
266 0.23076923076923078 0.8473557692307693 0.19831730769230768 0.1141826923076923
266 0.6189903846153846 0.8545673076923077 0.19110576923076922 0.12139423076923077