53 0.32211538461538464 0.21634615384615385 0.12139423076923077 0.18389423076923078
53 0.47716346153846156 0.234375 0.1201923076923077 0.1814903846153846
35 0.3245192307692308 0.42427884615384615 0.1141826923076923 0.16826923076923078
266 0.4723557692307692 0.4423076923076923 0.10697115384615384 0.15264423076923078
266 0.4675480769230769 0.6237980769230769 0.0985576923076923 0.13581730769230768
277 0.33052884615384615 0.6033653846153846 0.10697115384615384 0.14423076923076922
275 0.21394230769230768 0.7788461538461539 0.0985576923076923 0.12860576923076922
353 0.33533653846153844 0.8004807692307693 0.09134615384615384 0.11658653846153846
264 0.46274038461538464 0.8233173076923077 0.09615384615384616 0.11658653846153846
330 0.5889423076923077 0.8401442307692307 0.09615384615384616 0.11658653846153846
259 0.22115384615384615 0.9170673076923077 0.09735576923076923 0.11298076923076923
289 0.45913461538461536 0.9507211538461539 0.09495192307692307 0.09375
260 0.3401442307692308 0.9362980769230769 0.09014423076923077 0.11057692307692307