9 0.3762019230769231 0.2668269230769231 0.11899038461538461 0.17908653846153846
35 0.49759615384615385 0.23076923076923078 0.0985576923076923 0.15985576923076922
53 0.6009615384615384 0.20192307692307693 0.08774038461538461 0.15865384615384615
72 0.38221153846153844 0.453125 0.1141826923076923 0.17307692307692307
85 0.4951923076923077 0.4050480769230769 0.09735576923076923 0.17668269230769232
99 0.5949519230769231 0.3737980769230769 0.08173076923076923 0.17307692307692307
110 0.3894230769230769 0.625 0.09495192307692307 0.18389423076923078
111 0.5024038461538461 0.5673076923076923 0.0889423076923077 0.16466346153846154
113 0.59375 0.5252403846153846 0.078125 0.17548076923076922
8 0.5060096153846154 0.6983173076923077 0.0829326923076923 0.14543269230769232
130 0.39663461538461536 0.7584134615384616 0.10336538461538461 0.14543269230769232
0 0.5949519230769231 0.6454326923076923 0.07932692307692307 0.12860576923076922
264 0.4098557692307692 0.921875 0.08413461538461539 0.13581730769230768
275 0.5877403846153846 0.8052884615384616 0.07692307692307693 0.12259615384615384
259 0.5 0.8653846153846154 0.08413461538461539 0.13581730769230768