273 0.41346153846153844 0.28846153846153844 0.19230769230769232 0.23317307692307693
9 0.36778846153846156 0.5240384615384616 0.040865384615384616 0.06850961538461539
35 0.41947115384615385 0.5216346153846154 0.038461538461538464 0.07451923076923077
53 0.46875 0.5180288461538461 0.036057692307692304 0.0673076923076923
72 0.3701923076923077 0.6165865384615384 0.039663461538461536 0.06850961538461539
85 0.4206730769230769 0.6105769230769231 0.042067307692307696 0.07932692307692307
99 0.46875 0.6069711538461539 0.040865384615384616 0.07572115384615384
110 0.3701923076923077 0.7007211538461539 0.039663461538461536 0.06850961538461539
111 0.4206730769230769 0.6983173076923077 0.038461538461538464 0.06850961538461539
113 0.47115384615384615 0.6959134615384616 0.039663461538461536 0.07451923076923077
276 0.3701923076923077 0.7908653846153846 0.038461538461538464 0.07692307692307693
8 0.421875 0.7848557692307693 0.040865384615384616 0.07692307692307693
0 0.4723557692307692 0.7800480769230769 0.036057692307692304 0.06850961538461539