273 0.3701923076923077 0.29927884615384615 0.18389423076923078 0.36177884615384615
85 0.36778846153846156 0.7067307692307693 0.04567307692307692 0.03125
72 0.36778846153846156 0.7379807692307693 0.051682692307692304 0.028846153846153848
53 0.36778846153846156 0.7716346153846154 0.04567307692307692 0.027644230769230768
35 0.36658653846153844 0.8004807692307693 0.051682692307692304 0.03125
9 0.36658653846153844 0.8317307692307693 0.051682692307692304 0.027644230769230768
259 0.28846153846153844 0.8822115384615384 0.0829326923076923 0.05048076923076923
275 0.36538461538461536 0.8689903846153846 0.04927884615384615 0.027644230769230768
264 0.4387019230769231 0.859375 0.04326923076923077 0.027644230769230768
273 0.3641826923076923 0.9254807692307693 0.0889423076923077 0.06610576923076923
272 0.36538461538461536 0.9927884615384616 0.038461538461538464 0.013221153846153846