291 0.2800480769230769 0.17668269230769232 0.08653846153846154 0.055288461538461536
291 0.41947115384615385 0.16947115384615385 0.08413461538461539 0.055288461538461536
291 0.5625 0.16947115384615385 0.07692307692307693 0.057692307692307696
291 0.7127403846153846 0.1658653846153846 0.07932692307692307 0.055288461538461536
266 0.7391826923076923 0.328125 0.06971153846153846 0.039663461538461536
272 0.7367788461538461 0.43149038461538464 0.10697115384615384 0.06009615384615385
99 0.37740384615384615 0.3317307692307692 0.11899038461538461 0.06850961538461539
99 0.4963942307692308 0.3293269230769231 0.1310096153846154 0.07451923076923077
85 0.3786057692307692 0.4014423076923077 0.11899038461538461 0.07091346153846154
85 0.5 0.4014423076923077 0.1310096153846154 0.07451923076923077
72 0.38341346153846156 0.47115384615384615 0.12139423076923077 0.06971153846153846
72 0.49759615384615385 0.47115384615384615 0.12379807692307693 0.07451923076923077
53 0.38461538461538464 0.5372596153846154 0.125 0.06850961538461539
53 0.4987980769230769 0.5396634615384616 0.12740384615384615 0.06971153846153846
35 0.38461538461538464 0.6057692307692307 0.12259615384615384 0.0673076923076923
35 0.5024038461538461 0.6069711538461539 0.12740384615384615 0.06971153846153846
9 0.3858173076923077 0.671875 0.12259615384615384 0.06610576923076923
9 0.5024038461538461 0.6730769230769231 0.12620192307692307 0.06971153846153846
168 0.3870192307692308 0.7355769230769231 0.12139423076923077 0.0673076923076923
168 0.5084134615384616 0.7379807692307693 0.125 0.06610576923076923
181 0.3918269230769231 0.7980769230769231 0.11538461538461539 0.06370192307692307
181 0.5048076923076923 0.8016826923076923 0.12259615384615384 0.06610576923076923