291 0.46153846153846156 0.09134615384615384 0.1045673076923077 0.14182692307692307
262 0.6742788461538461 0.07091346153846154 0.1045673076923077 0.14182692307692307
110 0.47475961538461536 0.33533653846153844 0.09495192307692307 0.13341346153846154
111 0.6814903846153846 0.3161057692307692 0.1045673076923077 0.14423076923076922
85 0.4831730769230769 0.4879807692307692 0.09375 0.125
99 0.6838942307692307 0.4723557692307692 0.1045673076923077 0.13581730769230768
53 0.49278846153846156 0.6370192307692307 0.09375 0.11899038461538461
72 0.6911057692307693 0.6213942307692307 0.09975961538461539 0.12740384615384615
9 0.5036057692307693 0.7752403846153846 0.09254807692307693 0.11658653846153846
35 0.6935096153846154 0.7620192307692307 0.0985576923076923 0.12139423076923077
152 0.6971153846153846 0.9026442307692307 0.09495192307692307 0.11298076923076923