273 0.5685096153846154 0.1935096153846154 0.16346153846153846 0.2247596153846154
9 0.5204326923076923 0.5408653846153846 0.036057692307692304 0.07692307692307693
35 0.5625 0.5228365384615384 0.03245192307692308 0.07932692307692307
53 0.6021634615384616 0.5036057692307693 0.03125 0.07692307692307693
72 0.5204326923076923 0.6153846153846154 0.03485576923076923 0.0733173076923077
85 0.5600961538461539 0.5973557692307693 0.03125 0.07091346153846154
99 0.5985576923076923 0.5745192307692307 0.028846153846153848 0.07091346153846154
110 0.5204326923076923 0.6862980769230769 0.03245192307692308 0.06850961538461539
111 0.5588942307692307 0.6646634615384616 0.030048076923076924 0.06610576923076923
113 0.5949519230769231 0.6418269230769231 0.028846153846153848 0.06610576923076923
276 0.5192307692307693 0.75 0.03245192307692308 0.05889423076923077
8 0.5576923076923077 0.7271634615384616 0.030048076923076924 0.0625
0 0.5925480769230769 0.7043269230769231 0.027644230769230768 0.0625
273 0.5480769230769231 0.8990384615384616 0.1141826923076923 0.19831730769230768