22 0.609375 0.24519230769230768 0.0733173076923077 0.09975961538461539
20 0.5204326923076923 0.24879807692307693 0.07692307692307693 0.10216346153846154
16 0.4266826923076923 0.2439903846153846 0.07692307692307693 0.10697115384615384
11 0.33653846153846156 0.24639423076923078 0.07692307692307693 0.1045673076923077
10 0.23918269230769232 0.24519230769230768 0.07451923076923077 0.109375
113 0.6045673076923077 0.41466346153846156 0.07451923076923077 0.09735576923076923
111 0.5168269230769231 0.41466346153846156 0.07211538461538461 0.09375
110 0.42788461538461536 0.4098557692307692 0.0673076923076923 0.09735576923076923
99 0.3425480769230769 0.41346153846153844 0.0733173076923077 0.08774038461538461
85 0.25240384615384615 0.41346153846153844 0.07211538461538461 0.09975961538461539
72 0.5997596153846154 0.5685096153846154 0.06490384615384616 0.08774038461538461
53 0.5180288461538461 0.5721153846153846 0.06850961538461539 0.09014423076923077
9 0.26322115384615385 0.5649038461538461 0.07211538461538461 0.09134615384615384
275 0.7127403846153846 0.5721153846153846 0.0673076923076923 0.09014423076923077
263 0.8269230769230769 0.5745192307692307 0.07451923076923077 0.09134615384615384
131 0.8689903846153846 0.22235576923076922 0.10096153846153846 0.1310096153846154