11 0.25240384615384615 0.09495192307692307 0.10216346153846154 0.12139423076923077
11 0.3389423076923077 0.09375 0.11778846153846154 0.1201923076923077
16 0.49399038461538464 0.1141826923076923 0.11538461538461539 0.13822115384615385
16 0.609375 0.1141826923076923 0.1310096153846154 0.1346153846153846
113 0.26322115384615385 0.2439903846153846 0.10336538461538461 0.11658653846153846
113 0.3485576923076923 0.24639423076923078 0.109375 0.11658653846153846
10 0.48677884615384615 0.2692307692307692 0.07091346153846154 0.11658653846153846
10 0.5973557692307693 0.2776442307692308 0.13221153846153846 0.12139423076923077
110 0.27884615384615385 0.3798076923076923 0.09254807692307693 0.11177884615384616
110 0.35697115384615385 0.38341346153846156 0.1045673076923077 0.10336538461538461
111 0.49278846153846156 0.41466346153846156 0.10216346153846154 0.12139423076923077
111 0.5913461538461539 0.421875 0.12139423076923077 0.10697115384615384
85 0.28125 0.4951923076923077 0.09014423076923077 0.11057692307692307
85 0.3605769230769231 0.5048076923076923 0.0985576923076923 0.09375
99 0.49399038461538464 0.5384615384615384 0.0985576923076923 0.11298076923076923
99 0.5853365384615384 0.5552884615384616 0.11778846153846154 0.0985576923076923
53 0.2956730769230769 0.5997596153846154 0.08653846153846154 0.0985576923076923
53 0.36538461538461536 0.6153846153846154 0.09615384615384616 0.0829326923076923
72 0.49278846153846156 0.6514423076923077 0.10336538461538461 0.1045673076923077
72 0.5793269230769231 0.6706730769230769 0.11177884615384616 0.09014423076923077
9 0.30288461538461536 0.6995192307692307 0.08653846153846154 0.10096153846153846
9 0.3713942307692308 0.7151442307692307 0.09014423076923077 0.078125
35 0.49278846153846156 0.7560096153846154 0.09975961538461539 0.10216346153846154
35 0.5733173076923077 0.7752403846153846 0.10336538461538461 0.08774038461538461
275 0.3088942307692308 0.8052884615384616 0.07451923076923077 0.09375
275 0.3762019230769231 0.8221153846153846 0.09014423076923077 0.07572115384615384
264 0.49038461538461536 0.8641826923076923 0.09254807692307693 0.10216346153846154
264 0.5709134615384616 0.8870192307692307 0.09615384615384616 0.08052884615384616
259 0.4362980769230769 0.9266826923076923 0.15384615384615385 0.10817307692307693