99 0.6286057692307693 0.22115384615384615 0.11899038461538461 0.10817307692307693
85 0.6177884615384616 0.33413461538461536 0.10576923076923077 0.08413461538461539
53 0.6117788461538461 0.43149038461538464 0.09014423076923077 0.0733173076923077
35 0.6057692307692307 0.5144230769230769 0.08533653846153846 0.06129807692307692
9 0.5985576923076923 0.5805288461538461 0.07692307692307693 0.05889423076923077
152 0.5949519230769231 0.6358173076923077 0.0733173076923077 0.051682692307692304
264 0.5901442307692307 0.7079326923076923 0.0625 0.05048076923076923
260 0.7427884615384616 0.6682692307692307 0.06490384615384616 0.042067307692307696
260 0.42788461538461536 0.7451923076923077 0.08173076923076923 0.051682692307692304
260 0.4495192307692308 0.7992788461538461 0.0829326923076923 0.046875
260 0.7151442307692307 0.7319711538461539 0.07091346153846154 0.04567307692307692