259 0.44471153846153844 0.09134615384615384 0.04447115384615385 0.0829326923076923
266 0.4879807692307692 0.0829326923076923 0.03485576923076923 0.06610576923076923
85 0.4675480769230769 0.20432692307692307 0.03485576923076923 0.0673076923076923
72 0.46875 0.28365384615384615 0.036057692307692304 0.06009615384615385
53 0.4699519230769231 0.3641826923076923 0.036057692307692304 0.0673076923076923
35 0.4699519230769231 0.4411057692307692 0.03485576923076923 0.06490384615384616
9 0.47115384615384615 0.5180288461538461 0.036057692307692304 0.06009615384615385
152 0.4735576923076923 0.5985576923076923 0.037259615384615384 0.0673076923076923
275 0.4519230769230769 0.7175480769230769 0.036057692307692304 0.0673076923076923
264 0.49399038461538464 0.7199519230769231 0.036057692307692304 0.06370192307692307
272 0.4519230769230769 0.7992788461538461 0.039663461538461536 0.07692307692307693
272 0.4951923076923077 0.7992788461538461 0.040865384615384616 0.07692307692307693