24 0.4579326923076923 0.04567307692307692 0.07932692307692307 0.09134615384615384
22 0.4567307692307692 0.18870192307692307 0.07451923076923077 0.13942307692307693
20 0.6586538461538461 0.18269230769230768 0.08052884615384616 0.14783653846153846
16 0.4579326923076923 0.35216346153846156 0.0733173076923077 0.12860576923076922
11 0.65625 0.3485576923076923 0.0829326923076923 0.1310096153846154
10 0.4579326923076923 0.5108173076923077 0.0733173076923077 0.125
260 0.6574519230769231 0.5168269230769231 0.08173076923076923 0.13701923076923078
111 0.45913461538461536 0.671875 0.07091346153846154 0.12740384615384615
110 0.6550480769230769 0.6814903846153846 0.0733173076923077 0.12139423076923077
99 0.45913461538461536 0.8245192307692307 0.07091346153846154 0.11658653846153846
85 0.6526442307692307 0.8389423076923077 0.0733173076923077 0.11899038461538461
72 0.45913461538461536 0.9591346153846154 0.06850961538461539 0.07692307692307693