259 0.5060096153846154 0.028846153846153848 0.039663461538461536 0.057692307692307696
23 0.5372596153846154 0.16466346153846154 0.04567307692307692 0.06129807692307692
22 0.5360576923076923 0.23918269230769232 0.046875 0.056490384615384616
16 0.5360576923076923 0.3112980769230769 0.04447115384615385 0.06009615384615385
11 0.5360576923076923 0.3870192307692308 0.04567307692307692 0.06009615384615385
10 0.5348557692307693 0.53125 0.04567307692307692 0.0625
113 0.5348557692307693 0.6021634615384616 0.04447115384615385 0.06129807692307692
260 0.5324519230769231 0.6730769230769231 0.042067307692307696 0.06009615384615385
110 0.47475961538461536 0.23918269230769232 0.04447115384615385 0.057692307692307696
99 0.47475961538461536 0.3112980769230769 0.042067307692307696 0.057692307692307696
85 0.4735576923076923 0.38461538461538464 0.042067307692307696 0.057692307692307696
72 0.4735576923076923 0.5300480769230769 0.04447115384615385 0.05889423076923077
53 0.4723557692307692 0.6021634615384616 0.038461538461538464 0.052884615384615384
35 0.4735576923076923 0.6754807692307693 0.04447115384615385 0.055288461538461536
9 0.4723557692307692 0.75 0.04447115384615385 0.057692307692307696
365 0.7800480769230769 0.19831730769230768 0.03125 0.06009615384615385
365 0.7800480769230769 0.2644230769230769 0.03125 0.05889423076923077
365 0.7800480769230769 0.3317307692307692 0.03125 0.05889423076923077
260 0.47115384615384615 0.8605769230769231 0.04567307692307692 0.05889423076923077
260 0.5324519230769231 0.8605769230769231 0.046875 0.0625
272 0.5024038461538461 0.9783653846153846 0.028846153846153848 0.042067307692307696
272 0.7920673076923077 0.9206730769230769 0.02403846153846154 0.042067307692307696