273 0.47115384615384615 0.41586538461538464 0.09615384615384616 0.06971153846153846
263 0.5540865384615384 0.31490384615384615 0.05048076923076923 0.038461538461538464
142 0.4543269230769231 0.5204326923076923 0.0625 0.04326923076923077
365 0.5504807692307693 0.5216346153846154 0.055288461538461536 0.040865384615384616
110 0.5444711538461539 0.5769230769230769 0.057692307692307696 0.042067307692307696
99 0.5444711538461539 0.6177884615384616 0.056490384615384616 0.03485576923076923
85 0.5420673076923077 0.6586538461538461 0.055288461538461536 0.037259615384615384
72 0.5408653846153846 0.6995192307692307 0.05889423076923077 0.040865384615384616
53 0.4495192307692308 0.578125 0.05889423076923077 0.039663461538461536
35 0.4495192307692308 0.6213942307692307 0.057692307692307696 0.03485576923076923
9 0.4483173076923077 0.6634615384615384 0.05889423076923077 0.039663461538461536
152 0.4483173076923077 0.7055288461538461 0.05889423076923077 0.042067307692307696