259 0.5793269230769231 0.07932692307692307 0.07932692307692307 0.11177884615384616
10 0.578125 0.24278846153846154 0.08653846153846154 0.1201923076923077
85 0.46274038461538464 0.24519230769230768 0.08533653846153846 0.1201923076923077
113 0.5805288461538461 0.3701923076923077 0.08533653846153846 0.11057692307692307
72 0.4639423076923077 0.3713942307692308 0.08052884615384616 0.10817307692307693
111 0.5805288461538461 0.4891826923076923 0.08413461538461539 0.10697115384615384
110 0.578125 0.6081730769230769 0.08052884615384616 0.10817307692307693
99 0.5805288461538461 0.7247596153846154 0.07572115384615384 0.0985576923076923
53 0.4651442307692308 0.49158653846153844 0.0829326923076923 0.10576923076923077
35 0.46634615384615385 0.6081730769230769 0.08052884615384616 0.1045673076923077
9 0.4699519230769231 0.7223557692307693 0.078125 0.10096153846153846
275 0.4699519230769231 0.9302884615384616 0.08052884615384616 0.10336538461538461
264 0.5793269230769231 0.9399038461538461 0.0733173076923077 0.09254807692307693