260 0.4639423076923077 0.24158653846153846 0.03365384615384615 0.07451923076923077
265 0.4651442307692308 0.31490384615384615 0.030048076923076924 0.06610576923076923
366 0.5144230769230769 0.3137019230769231 0.03245192307692308 0.06490384615384616
259 0.515625 0.23798076923076922 0.040865384615384616 0.07451923076923077
72 0.46634615384615385 0.453125 0.03485576923076923 0.06850961538461539
237 0.515625 0.45552884615384615 0.04447115384615385 0.07692307692307693
111 0.5144230769230769 0.5324519230769231 0.03485576923076923 0.056490384615384616
111 0.5180288461538461 0.5997596153846154 0.038461538461538464 0.07091346153846154
99 0.5192307692307693 0.6730769230769231 0.037259615384615384 0.07091346153846154
85 0.5192307692307693 0.7451923076923077 0.038461538461538464 0.06490384615384616
53 0.46634615384615385 0.5264423076923077 0.036057692307692304 0.06850961538461539
35 0.4675480769230769 0.6057692307692307 0.040865384615384616 0.06610576923076923
9 0.4675480769230769 0.6754807692307693 0.037259615384615384 0.06850961538461539
119 0.4675480769230769 0.7463942307692307 0.037259615384615384 0.0625
275 0.46875 0.8954326923076923 0.04447115384615385 0.07451923076923077
264 0.5192307692307693 0.8918269230769231 0.039663461538461536 0.07451923076923077