263 0.328125 0.13341346153846154 0.109375 0.15504807692307693
273 0.18870192307692307 0.43509615384615385 0.16706730769230768 0.7319711538461539
275 0.34975961538461536 0.7487980769230769 0.09975961538461539 0.12139423076923077
264 0.4483173076923077 0.7512019230769231 0.07211538461538461 0.12740384615384615
121 0.4050480769230769 0.5877403846153846 0.06490384615384616 0.12259615384615384
120 0.47836538461538464 0.5865384615384616 0.06850961538461539 0.11899038461538461
9 0.5504807692307693 0.5877403846153846 0.06850961538461539 0.12740384615384615
35 0.6237980769230769 0.59375 0.06971153846153846 0.12740384615384615
53 0.6959134615384616 0.5901442307692307 0.07211538461538461 0.125
72 0.7692307692307693 0.5901442307692307 0.07091346153846154 0.12259615384615384
85 0.4014423076923077 0.38822115384615385 0.078125 0.125
99 0.47716346153846156 0.3918269230769231 0.07572115384615384 0.12860576923076922
110 0.5528846153846154 0.38822115384615385 0.078125 0.13581730769230768
111 0.6310096153846154 0.38341346153846156 0.07211538461538461 0.13942307692307693
232 0.7055288461538461 0.3870192307692308 0.07932692307692307 0.14543269230769232
131 0.828125 0.7463942307692307 0.051682692307692304 0.0829326923076923