273 0.5012019230769231 0.10336538461538461 0.12980769230769232 0.11658653846153846
259 0.5108173076923077 0.6322115384615384 0.027644230769230768 0.027644230769230768
288 0.46274038461538464 0.6766826923076923 0.03125 0.03245192307692308
266 0.5120192307692307 0.6670673076923077 0.03245192307692308 0.03125
260 0.5552884615384616 0.6574519230769231 0.027644230769230768 0.025240384615384616
11 0.5564903846153846 0.7079326923076923 0.025240384615384616 0.025240384615384616
113 0.4651442307692308 0.7307692307692307 0.027644230769230768 0.028846153846153848
110 0.5552884615384616 0.7415865384615384 0.026442307692307692 0.025240384615384616
85 0.46634615384615385 0.7668269230769231 0.027644230769230768 0.028846153846153848
53 0.5564903846153846 0.7752403846153846 0.025240384615384616 0.025240384615384616
9 0.4675480769230769 0.8028846153846154 0.028846153846153848 0.030048076923076924
190 0.515625 0.8221153846153846 0.026442307692307692 0.026442307692307692
275 0.5576923076923077 0.8425480769230769 0.025240384615384616 0.025240384615384616
264 0.46875 0.8737980769230769 0.028846153846153848 0.026442307692307692
272 0.5576923076923077 0.9086538461538461 0.02403846153846154 0.027644230769230768
272 0.515625 0.9254807692307693 0.02403846153846154 0.027644230769230768
272 0.4699519230769231 0.9423076923076923 0.027644230769230768 0.027644230769230768