266 0.5949519230769231 0.08413461538461539 0.14182692307692307 0.07692307692307693
272 0.4074519230769231 0.921875 0.06370192307692307 0.10576923076923077
99 0.5733173076923077 0.17548076923076922 0.10336538461538461 0.09615384615384616
85 0.5697115384615384 0.25600961538461536 0.09495192307692307 0.09615384615384616
72 0.5697115384615384 0.33774038461538464 0.09735576923076923 0.09134615384615384
53 0.5697115384615384 0.41225961538461536 0.09735576923076923 0.09134615384615384
35 0.5697115384615384 0.4879807692307692 0.0985576923076923 0.08774038461538461
9 0.5685096153846154 0.5540865384615384 0.0985576923076923 0.08774038461538461
144 0.5685096153846154 0.625 0.0985576923076923 0.08774038461538461
275 0.5480769230769231 0.7475961538461539 0.0985576923076923 0.08774038461538461
264 0.5444711538461539 0.8088942307692307 0.09495192307692307 0.07091346153846154
267 0.5432692307692307 0.8605769230769231 0.09495192307692307 0.07091346153846154
259 0.5444711538461539 0.9122596153846154 0.09495192307692307 0.07091346153846154