273 0.34375 0.23918269230769232 0.21634615384615385 0.09735576923076923
9 0.2848557692307692 0.3581730769230769 0.051682692307692304 0.042067307692307696
35 0.35096153846153844 0.36177884615384615 0.051682692307692304 0.042067307692307696
53 0.4182692307692308 0.3629807692307692 0.051682692307692304 0.042067307692307696
72 0.28846153846153844 0.40865384615384615 0.051682692307692304 0.042067307692307696
85 0.3557692307692308 0.4098557692307692 0.051682692307692304 0.042067307692307696
99 0.421875 0.4110576923076923 0.051682692307692304 0.037259615384615384
110 0.29447115384615385 0.4543269230769231 0.051682692307692304 0.037259615384615384
111 0.3581730769230769 0.45552884615384615 0.05048076923076923 0.036057692307692304
113 0.4206730769230769 0.4567307692307692 0.05048076923076923 0.03485576923076923
8 0.3605769230769231 0.4987980769230769 0.05048076923076923 0.03485576923076923
152 0.2608173076923077 0.5372596153846154 0.054086538461538464 0.036057692307692304
152 0.30288461538461536 0.5384615384615384 0.04807692307692308 0.03245192307692308
177 0.421875 0.5396634615384616 0.04807692307692308 0.03245192307692308
131 0.421875 0.5793269230769231 0.04807692307692308 0.03245192307692308
177 0.3762019230769231 0.5384615384615384 0.056490384615384616 0.03125
273 0.36899038461538464 0.6502403846153846 0.17548076923076922 0.05889423076923077