35 0.5889423076923077 0.38100961538461536 0.039663461538461536 0.06850961538461539
119 0.5913461538461539 0.4495192307692308 0.039663461538461536 0.06850961538461539
266 0.6466346153846154 0.30649038461538464 0.039663461538461536 0.06850961538461539
53 0.6478365384615384 0.37259615384615385 0.039663461538461536 0.06850961538461539
9 0.6466346153846154 0.4423076923076923 0.039663461538461536 0.06850961538461539
152 0.6826923076923077 0.43509615384615385 0.03485576923076923 0.06490384615384616
259 0.6165865384615384 0.09495192307692307 0.038461538461538464 0.06971153846153846
275 0.5925480769230769 0.6394230769230769 0.046875 0.06610576923076923
264 0.6478365384615384 0.6310096153846154 0.038461538461538464 0.06129807692307692
275 0.6490384615384616 0.7536057692307693 0.038461538461538464 0.06129807692307692
85 0.5877403846153846 0.3137019230769231 0.039663461538461536 0.06850961538461539