37 0.484375 0.35336538461538464 0.054086538461538464 0.07692307692307693
36 0.3942307692307692 0.42427884615384615 0.06610576923076923 0.09254807692307693
28 0.4855769230769231 0.4639423076923077 0.055288461538461536 0.07211538461538461
26 0.39903846153846156 0.5444711538461539 0.06009615384615385 0.09134615384615384
25 0.484375 0.5733173076923077 0.055288461538461536 0.07451923076923077
24 0.39903846153846156 0.6610576923076923 0.06490384615384616 0.08653846153846154
23 0.4831730769230769 0.6742788461538461 0.05889423076923077 0.08774038461538461
22 0.39903846153846156 0.7800480769230769 0.06129807692307692 0.08774038461538461
20 0.4855769230769231 0.7740384615384616 0.05889423076923077 0.0829326923076923
16 0.39783653846153844 0.8930288461538461 0.05889423076923077 0.0889423076923077
11 0.4855769230769231 0.8737980769230769 0.056490384615384616 0.07091346153846154
270 0.5492788461538461 0.3425480769230769 0.027644230769230768 0.0625
270 0.546875 0.4411057692307692 0.03485576923076923 0.054086538461538464
270 0.5444711538461539 0.5336538461538461 0.03245192307692308 0.052884615384615384
270 0.5444711538461539 0.6274038461538461 0.03125 0.055288461538461536
270 0.5432692307692307 0.71875 0.025240384615384616 0.04807692307692308
270 0.5420673076923077 0.8076923076923077 0.028846153846153848 0.051682692307692304
270 0.5396634615384616 0.8966346153846154 0.025240384615384616 0.054086538461538464
270 0.5408653846153846 0.9759615384615384 0.026442307692307692 0.04567307692307692
270 0.25961538461538464 0.43990384615384615 0.04567307692307692 0.08052884615384616
270 0.265625 0.5721153846153846 0.04326923076923077 0.07091346153846154
270 0.2692307692307692 0.7043269230769231 0.040865384615384616 0.0733173076923077
270 0.2692307692307692 0.8341346153846154 0.040865384615384616 0.0733173076923077
270 0.27283653846153844 0.9591346153846154 0.040865384615384616 0.07932692307692307