11 0.5 0.4182692307692308 0.055288461538461536 0.04447115384615385
99 0.42908653846153844 0.4170673076923077 0.055288461538461536 0.04447115384615385
85 0.4254807692307692 0.4723557692307692 0.055288461538461536 0.04447115384615385
10 0.49399038461538464 0.47716346153846156 0.055288461538461536 0.04447115384615385
113 0.49038461538461536 0.5348557692307693 0.055288461538461536 0.04447115384615385
72 0.41947115384615385 0.5288461538461539 0.055288461538461536 0.039663461538461536
53 0.4182692307692308 0.5841346153846154 0.055288461538461536 0.039663461538461536
111 0.4855769230769231 0.5877403846153846 0.055288461538461536 0.039663461538461536
110 0.4807692307692308 0.6430288461538461 0.055288461538461536 0.039663461538461536
35 0.41466346153846156 0.6382211538461539 0.055288461538461536 0.039663461538461536
9 0.4110576923076923 0.6923076923076923 0.055288461538461536 0.039663461538461536
259 0.37259615384615385 0.75 0.055288461538461536 0.039663461538461536