259 0.08774038461538461 0.5625 0.15264423076923078 0.15865384615384615
120 0.2644230769230769 0.4387019230769231 0.1502403846153846 0.16826923076923078
177 0.421875 0.3737980769230769 0.12860576923076922 0.16466346153846154
152 0.5757211538461539 0.32211538461538464 0.10817307692307693 0.15264423076923078
260 0.7151442307692307 0.265625 0.0985576923076923 0.15625
9 0.3004807692307692 0.5949519230769231 0.12620192307692307 0.13581730769230768
35 0.4483173076923077 0.5372596153846154 0.10576923076923077 0.13701923076923078
53 0.5829326923076923 0.47836538461538464 0.09735576923076923 0.1310096153846154
260 0.7103365384615384 0.42788461538461536 0.07932692307692307 0.1310096153846154
85 0.3401442307692308 0.7211538461538461 0.11778846153846154 0.12139423076923077
99 0.4675480769230769 0.6694711538461539 0.0985576923076923 0.1141826923076923
110 0.5877403846153846 0.6153846153846154 0.09014423076923077 0.11899038461538461
111 0.7019230769230769 0.5625 0.08413461538461539 0.10817307692307693
260 0.8557692307692307 0.2776442307692308 0.09014423076923077 0.14182692307692307
260 0.8269230769230769 0.47475961538461536 0.08173076923076923 0.125